{"asset":{"generatetool":"cesiumlab@www.cesiumlab.com","gltfUpAxis":"Z","version":"1.0"},"root":{"boundingVolume":{"box":[394840.715480528,414796.363142525,142.240564269945,945.287338972208,0,0,0,1033.28761965106,0,0,0,1115.1840064032]},"children":[{"boundingVolume":{"box":[394798.763363764,414752.188633326,205.314815944992,841.367707458907,0,0,0,911.47758761968,0,0,0,984.15862823464]},"content":{"uri":"lab_b_0_1_1_1_1_1_1_1_1_1_1_1.json"},"geometricError":1141.67848438674,"refine":"REPLACE","transform":null},{"boundingVolume":{"box":[28.0243648572359,-3.51696104789153,8.22653148137033,63.5228606492747,0,0,0,21.1871969476342,0,0,0,81.4500472843647]},"children":[{"boundingVolume":{"box":[28.0243648572359,-3.51696104789153,8.22653148137033,63.5228606492747,0,0,0,21.1871969476342,0,0,0,81.4500472843647]},"children":[{"boundingVolume":{"box":[28.0243648572359,-3.51696104789153,8.22653148137033,63.5228606492747,0,0,0,21.1871969476342,0,0,0,81.4500472843647]},"children":[{"boundingVolume":{"box":[28.0243648572359,-3.51696104789153,8.22653148137033,63.5228606492747,0,0,0,21.1871969476342,0,0,0,81.4500472843647]},"children":[{"boundingVolume":{"box":[28.0243648572359,-3.51696104789153,8.22653148137033,63.5228606492747,0,0,0,21.1871969476342,0,0,0,81.4500472843647]},"children":[{"boundingVolume":{"box":[28.0243648572359,-3.51696104789153,8.22653148137033,63.5228606492747,0,0,0,21.1871969476342,0,0,0,81.4500472843647]},"children":[{"boundingVolume":{"box":[28.0243648572359,-3.51696104789153,8.22653148137033,63.5228606492747,0,0,0,21.1871969476342,0,0,0,81.4500472843647]},"content":{"uri":"1/1/0/0/0/0/0/0.b3dm"},"geometricError":0,"refine":"REPLACE","transform":[1.0,-2.77555756156289e-17,0.0,0.0,5.34367274036343e-17,1.0,0.0,0.0,1.05285526353969e-17,-1.11022302462516e-16,1.0,0.0,0.0,0.0,0.0,1.0]}],"content":{"uri":"1/1/0/0/0/0/0.b3dm"},"geometricError":0.117611053283318,"refine":"REPLACE","transform":[1.0,-2.77555756156289e-17,0.0,0.0,5.34367274036343e-17,1.0,0.0,0.0,1.05285526353969e-17,-1.11022302462516e-16,1.0,0.0,0.0,0.0,0.0,1.0]}],"content":{"uri":"1/1/0/0/0/0.b3dm"},"geometricError":0.470444213133273,"refine":"REPLACE","transform":[1.0,-2.77555756156289e-17,0.0,0.0,5.34367274036343e-17,1.0,0.0,0.0,1.05285526353969e-17,-1.11022302462516e-16,1.0,0.0,0.0,0.0,0.0,1.0]}],"content":{"uri":"1/1/0/0/0.b3dm"},"geometricError":1.88177685253309,"refine":"REPLACE","transform":[1.0,-2.77555756156289e-17,0.0,0.0,5.34367274036343e-17,1.0,0.0,0.0,1.05285526353969e-17,-1.11022302462516e-16,1.0,0.0,0.0,0.0,0.0,1.0]}],"content":{"uri":"1/1/0/0.b3dm"},"geometricError":7.52710741013237,"refine":"REPLACE","transform":[1.0,-2.77555756156289e-17,0.0,0.0,5.34367274036343e-17,1.0,0.0,0.0,1.05285526353969e-17,-1.11022302462516e-16,1.0,0.0,0.0,0.0,0.0,1.0]}],"content":{"uri":"1/1/0.b3dm"},"geometricError":30.1084296405295,"refine":"REPLACE","transform":[1.0,-2.77555756156289e-17,0.0,0.0,5.34367274036343e-17,1.0,0.0,0.0,1.05285526353969e-17,-1.11022302462516e-16,1.0,0.0,0.0,0.0,0.0,1.0]}],"content":{"uri":"1/1.b3dm"},"geometricError":120.433718562118,"refine":"REPLACE","transform":[0.997762676673715,0.0212966164545039,-0.0633726689077616,0.0,-0.0253603216232464,0.997625916921238,-0.0640264318404823,0.0,0.0618586705649946,0.0654903352766511,0.995933994229177,0.0,394738.131293035,415397.076450212,134.366558969021,1.0]},{"boundingVolume":{"box":[-6.85829855967313,0.574485043995082,-3.27439174894243,20.1296135829762,0,0,0,18.8378116916865,0,0,0,85.8973036883399]},"children":[{"boundingVolume":{"box":[-6.85829855967313,0.574485043995082,-3.27439174894243,20.1296135829762,0,0,0,18.8378116916865,0,0,0,85.8973036883399]},"children":[{"boundingVolume":{"box":[-6.85829855967313,0.574485043995082,-3.27439174894243,20.1296135829762,0,0,0,18.8378116916865,0,0,0,85.8973036883399]},"children":[{"boundingVolume":{"box":[-6.85829855967313,0.574485043995082,-3.27439174894243,20.1296135829762,0,0,0,18.8378116916865,0,0,0,85.8973036883399]},"children":[{"boundingVolume":{"box":[-6.85829855967313,0.574485043995082,-3.27439174894243,20.1296135829762,0,0,0,18.8378116916865,0,0,0,85.8973036883399]},"children":[{"boundingVolume":{"box":[-6.85829855967313,0.574485043995082,-3.27439174894243,20.1296135829762,0,0,0,18.8378116916865,0,0,0,85.8973036883399]},"content":{"uri":"1/2/0/0/0/0/0.b3dm"},"geometricError":0,"refine":"REPLACE","transform":[1.0,0.0,5.55111512312578e-17,0.0,-2.3606898145488e-17,1.0,0.0,0.0,-2.10566901520193e-17,0.0,1.0,0.0,0.0,0.0,0.0,1.0]}],"content":{"uri":"1/2/0/0/0/0.b3dm"},"geometricError":0.401476414652825,"refine":"REPLACE","transform":[1.0,0.0,5.55111512312578e-17,0.0,-2.3606898145488e-17,1.0,0.0,0.0,-2.10566901520193e-17,0.0,1.0,0.0,0.0,0.0,0.0,1.0]}],"content":{"uri":"1/2/0/0/0.b3dm"},"geometricError":1.6059056586113,"refine":"REPLACE","transform":[1.0,0.0,5.55111512312578e-17,0.0,-2.3606898145488e-17,1.0,0.0,0.0,-2.10566901520193e-17,0.0,1.0,0.0,0.0,0.0,0.0,1.0]}],"content":{"uri":"1/2/0/0.b3dm"},"geometricError":6.42362263444519,"refine":"REPLACE","transform":[1.0,0.0,5.55111512312578e-17,0.0,-2.3606898145488e-17,1.0,0.0,0.0,-2.10566901520193e-17,0.0,1.0,0.0,0.0,0.0,0.0,1.0]}],"content":{"uri":"1/2/0.b3dm"},"geometricError":25.6944905377808,"refine":"REPLACE","transform":[1.0,0.0,5.55111512312578e-17,0.0,-2.3606898145488e-17,1.0,0.0,0.0,-2.10566901520193e-17,0.0,1.0,0.0,0.0,0.0,0.0,1.0]}],"content":{"uri":"1/2.b3dm"},"geometricError":102.777962151123,"refine":"REPLACE","transform":[0.9977616785421,0.0213013611073021,-0.0633867876440175,0.0,-0.0253654715614686,0.997626325584832,-0.0640180236540558,0.0,0.0618726570086964,0.0654825664973758,0.995933636242697,0.0,394828.363057492,415348.803692964,147.949009285308,1.0]},{"boundingVolume":{"box":[0.0432007052004408,-0.57715339306742,2.95578782726079,34.8970430428162,0,0,0,23.9264536090195,0,0,0,29.8007631078362]},"children":[{"boundingVolume":{"box":[0.0432007052004408,-0.57715339306742,2.95578782726079,34.8970430428162,0,0,0,23.9264536090195,0,0,0,29.8007631078362]},"children":[{"boundingVolume":{"box":[0.0432007052004408,-0.57715339306742,2.95578782726079,34.8970430428162,0,0,0,23.9264536090195,0,0,0,29.8007631078362]},"children":[{"boundingVolume":{"box":[0.0432007052004408,-0.57715339306742,2.95578782726079,34.8970430428162,0,0,0,23.9264536090195,0,0,0,29.8007631078362]},"children":[{"boundingVolume":{"box":[0.0432007052004408,-0.57715339306742,2.95578782726079,34.8970430428162,0,0,0,23.9264536090195,0,0,0,29.8007631078362]},"children":[{"boundingVolume":{"box":[0.0432007052004408,-0.57715339306742,2.95578782726079,34.8970430428162,0,0,0,23.9264536090195,0,0,0,29.8007631078362]},"content":{"uri":"1/3/0/0/0/0/0.b3dm"},"geometricError":0,"refine":"REPLACE","transform":[1.0,0.0,0.0,0.0,2.56810136861627e-17,1.0,0.0,0.0,1.05288894858868e-17,0.0,1.0,0.0,0.0,0.0,0.0,1.0]}],"content":{"uri":"1/3/0/0/0/0.b3dm"},"geometricError":0.261306185025939,"refine":"REPLACE","transform":[1.0,0.0,0.0,0.0,2.56810136861627e-17,1.0,0.0,0.0,1.05288894858868e-17,0.0,1.0,0.0,0.0,0.0,0.0,1.0]}],"content":{"uri":"1/3/0/0/0.b3dm"},"geometricError":1.04522474010375,"refine":"REPLACE","transform":[1.0,0.0,0.0,0.0,2.56810136861627e-17,1.0,0.0,0.0,1.05288894858868e-17,0.0,1.0,0.0,0.0,0.0,0.0,1.0]}],"content":{"uri":"1/3/0/0.b3dm"},"geometricError":4.18089896041502,"refine":"REPLACE","transform":[1.0,0.0,0.0,0.0,2.56810136861627e-17,1.0,0.0,0.0,1.05288894858868e-17,0.0,1.0,0.0,0.0,0.0,0.0,1.0]}],"content":{"uri":"1/3/0.b3dm"},"geometricError":16.7235958416601,"refine":"REPLACE","transform":[1.0,0.0,0.0,0.0,2.56810136861627e-17,1.0,0.0,0.0,1.05288894858868e-17,0.0,1.0,0.0,0.0,0.0,0.0,1.0]}],"content":{"uri":"1/3.b3dm"},"geometricError":66.8943833666403,"refine":"REPLACE","transform":[0.997760508575966,0.0213069212302862,-0.063403332987439,0.0,-0.0253734044712851,0.997624795829329,-0.0640387155713347,0.0,0.0618882692581257,0.0655040598297243,0.995931252785079,0.0,394924.309338171,415481.412834743,73.2963568735868,1.0]},{"boundingVolume":{"box":[-0.261092837667093,0.0602801507338881,-0.14667190099135,94.2852974429261,0,0,0,41.5774348131381,0,0,0,2.00039278389886]},"children":[{"boundingVolume":{"box":[-0.261092837667093,0.0602801507338881,-0.14667190099135,94.2852974429261,0,0,0,41.5774348131381,0,0,0,2.00039278389886]},"children":[{"boundingVolume":{"box":[-0.261092837667093,0.0602801507338881,-0.14667190099135,94.2852974429261,0,0,0,41.5774348131381,0,0,0,2.00039278389886]},"children":[{"boundingVolume":{"box":[-0.261092837667093,0.0602801507338881,-0.14667190099135,94.2852974429261,0,0,0,41.5774348131381,0,0,0,2.00039278389886]},"children":[{"boundingVolume":{"box":[-0.261092837667093,0.0602801507338881,-0.14667190099135,94.2852974429261,0,0,0,41.5774348131381,0,0,0,2.00039278389886]},"children":[{"boundingVolume":{"box":[-0.261092837667093,0.0602801507338881,-0.14667190099135,94.2852974429261,0,0,0,41.5774348131381,0,0,0,2.00039278389886]},"content":{"uri":"1/5/0/0/0/0/0.b3dm"},"geometricError":0,"refine":"REPLACE","transform":[1.0,0.0,0.0,0.0,2.07454304491035e-18,1.0,5.55111512312578e-17,0.0,-6.6039994655708e-17,0.0,1.0,0.0,0.0,0.0,0.0,1.0]}],"content":{"uri":"1/5/0/0/0/0.b3dm"},"geometricError":0.418055529348549,"refine":"REPLACE","transform":[1.0,0.0,0.0,0.0,2.07454304491035e-18,1.0,5.55111512312578e-17,0.0,-6.6039994655708e-17,0.0,1.0,0.0,0.0,0.0,0.0,1.0]}],"content":{"uri":"1/5/0/0/0.b3dm"},"geometricError":1.6722221173942,"refine":"REPLACE","transform":[1.0,0.0,0.0,0.0,2.07454304491035e-18,1.0,5.55111512312578e-17,0.0,-6.6039994655708e-17,0.0,1.0,0.0,0.0,0.0,0.0,1.0]}],"content":{"uri":"1/5/0/0.b3dm"},"geometricError":6.68888846957679,"refine":"REPLACE","transform":[1.0,0.0,0.0,0.0,2.07454304491035e-18,1.0,5.55111512312578e-17,0.0,-6.6039994655708e-17,0.0,1.0,0.0,0.0,0.0,0.0,1.0]}],"content":{"uri":"1/5/0.b3dm"},"geometricError":26.7555538783071,"refine":"REPLACE","transform":[1.0,0.0,0.0,0.0,2.07454304491035e-18,1.0,5.55111512312578e-17,0.0,-6.6039994655708e-17,0.0,1.0,0.0,0.0,0.0,0.0,1.0]}],"content":{"uri":"1/5.b3dm"},"geometricError":107.022215513229,"refine":"REPLACE","transform":[0.997760099461601,0.0213088651530811,-0.0634091175483777,0.0,-0.0253756083841194,0.997624863878991,-0.064036782161197,0.0,0.0618939611069771,0.065502391073247,0.995931008826503,0.0,394958.925124887,415469.092886273,44.3445420917124,1.0]},{"boundingVolume":{"box":[1.82580174063332,3.10033303429373,-1.82742203772068,75.5113836049568,0,0,0,46.5454692391213,0,0,0,9.17671154439449]},"children":[{"boundingVolume":{"box":[1.82580174063332,3.10033303429373,-1.82742203772068,75.5113836049568,0,0,0,46.5454692391213,0,0,0,9.17671154439449]},"children":[{"boundingVolume":{"box":[1.82580174063332,3.10033303429373,-1.82742203772068,75.5113836049568,0,0,0,46.5454692391213,0,0,0,9.17671154439449]},"children":[{"boundingVolume":{"box":[1.82580174063332,3.10033303429373,-1.82742203772068,75.5113836049568,0,0,0,46.5454692391213,0,0,0,9.17671154439449]},"children":[{"boundingVolume":{"box":[1.82580174063332,3.10033303429373,-1.82742203772068,75.5113836049568,0,0,0,46.5454692391213,0,0,0,9.17671154439449]},"children":[{"boundingVolume":{"box":[1.82580174063332,3.10033303429373,-1.82742203772068,75.5113836049568,0,0,0,46.5454692391213,0,0,0,9.17671154439449]},"children":[{"boundingVolume":{"box":[1.82580174063332,3.10033303429373,-1.82742203772068,75.5113836049568,0,0,0,46.5454692391213,0,0,0,9.17671154439449]},"content":{"uri":"1/7/0/0/0/0/0/0.b3dm"},"geometricError":0,"refine":"REPLACE","transform":[1.0,0.0,0.0,0.0,0.0,1.0,0.0,0.0,-5.55111512312578e-17,5.55111512312578e-17,1.0,0.0,0.0,0.0,0.0,1.0]}],"content":{"uri":"1/7/0/0/0/0/0.b3dm"},"geometricError":0.091614674069337,"refine":"REPLACE","transform":[1.0,0.0,0.0,0.0,0.0,1.0,0.0,0.0,-5.55111512312578e-17,5.55111512312578e-17,1.0,0.0,0.0,0.0,0.0,1.0]}],"content":{"uri":"1/7/0/0/0/0.b3dm"},"geometricError":0.366458696277348,"refine":"REPLACE","transform":[1.0,0.0,0.0,0.0,0.0,1.0,0.0,0.0,-5.55111512312578e-17,5.55111512312578e-17,1.0,0.0,0.0,0.0,0.0,1.0]}],"content":{"uri":"1/7/0/0/0.b3dm"},"geometricError":1.46583478510939,"refine":"REPLACE","transform":[1.0,0.0,0.0,0.0,0.0,1.0,0.0,0.0,-5.55111512312578e-17,5.55111512312578e-17,1.0,0.0,0.0,0.0,0.0,1.0]}],"content":{"uri":"1/7/0/0.b3dm"},"geometricError":5.86333914043757,"refine":"REPLACE","transform":[1.0,0.0,0.0,0.0,0.0,1.0,0.0,0.0,-5.55111512312578e-17,5.55111512312578e-17,1.0,0.0,0.0,0.0,0.0,1.0]}],"content":{"uri":"1/7/0.b3dm"},"geometricError":23.4533565617503,"refine":"REPLACE","transform":[1.0,0.0,0.0,0.0,0.0,1.0,0.0,0.0,-5.55111512312578e-17,5.55111512312578e-17,1.0,0.0,0.0,0.0,0.0,1.0]}],"content":{"uri":"1/7.b3dm"},"geometricError":93.8134262470011,"refine":"REPLACE","transform":[0.997760336490965,0.0213077389205586,-0.0634057662009505,0.0,-0.0253732814654308,0.997625935662107,-0.064021005006027,0.0,0.0618910939724959,0.0654864318496512,0.995932236515361,0.0,394941.237592711,415368.470279969,62.1595485117286,1.0]},{"boundingVolume":{"box":[-0.0325732845813036,0.668377608759329,1.94617082318291,41.8774601933546,0,0,0,19.3956579661462,0,0,0,82.0128373610787]},"children":[{"boundingVolume":{"box":[-0.0325732845813036,0.668377608759329,1.94617082318291,41.8774601933546,0,0,0,19.3956579661462,0,0,0,82.0128373610787]},"children":[{"boundingVolume":{"box":[-0.0325732845813036,0.668377608759329,1.94617082318291,41.8774601933546,0,0,0,19.3956579661462,0,0,0,82.0128373610787]},"children":[{"boundingVolume":{"box":[-0.0325732845813036,0.668377608759329,1.94617082318291,41.8774601933546,0,0,0,19.3956579661462,0,0,0,82.0128373610787]},"children":[{"boundingVolume":{"box":[-0.0325732845813036,0.668377608759329,1.94617082318291,41.8774601933546,0,0,0,19.3956579661462,0,0,0,82.0128373610787]},"children":[{"boundingVolume":{"box":[-0.0325732845813036,0.668377608759329,1.94617082318291,41.8774601933546,0,0,0,19.3956579661462,0,0,0,82.0128373610787]},"content":{"uri":"1/10/0/0/0/0/0.b3dm"},"geometricError":0,"refine":"REPLACE","transform":[1.0,2.77555756156289e-17,0.0,0.0,-2.56813382469376e-17,1.0,0.0,0.0,-1.05280978149557e-17,5.55111512312578e-17,1.0,0.0,0.0,0.0,0.0,1.0]}],"content":{"uri":"1/10/0/0/0/0.b3dm"},"geometricError":0.462120545429383,"refine":"REPLACE","transform":[1.0,2.77555756156289e-17,0.0,0.0,-2.56813382469376e-17,1.0,0.0,0.0,-1.05280978149557e-17,5.55111512312578e-17,1.0,0.0,0.0,0.0,0.0,1.0]}],"content":{"uri":"1/10/0/0/0.b3dm"},"geometricError":1.84848218171753,"refine":"REPLACE","transform":[1.0,2.77555756156289e-17,0.0,0.0,-2.56813382469376e-17,1.0,0.0,0.0,-1.05280978149557e-17,5.55111512312578e-17,1.0,0.0,0.0,0.0,0.0,1.0]}],"content":{"uri":"1/10/0/0.b3dm"},"geometricError":7.39392872687014,"refine":"REPLACE","transform":[1.0,2.77555756156289e-17,0.0,0.0,-2.56813382469376e-17,1.0,0.0,0.0,-1.05280978149557e-17,5.55111512312578e-17,1.0,0.0,0.0,0.0,0.0,1.0]}],"content":{"uri":"1/10/0.b3dm"},"geometricError":29.5757149074805,"refine":"REPLACE","transform":[1.0,2.77555756156289e-17,0.0,0.0,-2.56813382469376e-17,1.0,0.0,0.0,-1.05280978149557e-17,5.55111512312578e-17,1.0,0.0,0.0,0.0,0.0,1.0]}],"content":{"uri":"1/10.b3dm"},"geometricError":118.302859629922,"refine":"REPLACE","transform":[0.997759755435818,0.0213104996670844,-0.0634139813968191,0.0,-0.0253757577066854,0.997626723640371,-0.0640077432768159,0.0,0.0618994455021087,0.0654735281050164,0.995932565871813,0.0,394999.460464472,415291.642375566,143.680773080327,1.0]},{"boundingVolume":{"box":[-0.452055534580722,-0.0253174782264978,2.06819820171222,57.8333816297818,0,0,0,28.1371406919789,0,0,0,8.47131834505126]},"children":[{"boundingVolume":{"box":[-0.452055534580722,-0.0253174782264978,2.06819820171222,57.8333816297818,0,0,0,28.1371406919789,0,0,0,8.47131834505126]},"children":[{"boundingVolume":{"box":[-0.452055534580722,-0.0253174782264978,2.06819820171222,57.8333816297818,0,0,0,28.1371406919789,0,0,0,8.47131834505126]},"children":[{"boundingVolume":{"box":[-0.452055534580722,-0.0253174782264978,2.06819820171222,57.8333816297818,0,0,0,28.1371406919789,0,0,0,8.47131834505126]},"children":[{"boundingVolume":{"box":[-0.452055534580722,-0.0253174782264978,2.06819820171222,57.8333816297818,0,0,0,28.1371406919789,0,0,0,8.47131834505126]},"children":[{"boundingVolume":{"box":[0.32260205456987,0.298207712126896,1.27906962670386,24.4082961678505,0,0,0,10.0339603966568,0,0,0,8.47121493611485]},"content":{"uri":"1/16/0/0/0/0/0.b3dm"},"geometricError":0,"refine":"REPLACE","transform":[0.999999999984955,-2.08085816660875e-06,5.07544041938868e-06,0.0,2.08086596679214e-06,0.999999999996654,-1.53685085085842e-06,0.0,-5.07543722158937e-06,1.5368614121325e-06,0.999999999985939,0.0,-32.3875094745308,9.74894421128556,0.789157101884484,1.0]},{"boundingVolume":{"box":[0.332143714651465,0.301858098711818,1.27017416059971,29.6571775763296,0,0,0,10.7920522182249,0,0,0,8.47122075501829]},"content":{"uri":"1/16/0/0/0/0/1.b3dm"},"geometricError":0,"refine":"REPLACE","transform":[0.999999999987971,-1.86066915480732e-06,4.53837536218415e-06,0.0,1.86067648833622e-06,0.999999999996964,-1.61590016756197e-06,0.0,-4.53837235556526e-06,1.6159086119738e-06,0.999999999988396,0.0,-28.9603774971329,10.2504476658069,0.79805794171989,1.0]},{"boundingVolume":{"box":[0.0960769937373698,0.154162611113861,0.835008255206048,21.2863445701078,0,0,0,9.37354346015491,0,0,0,8.47120741847903]},"content":{"uri":"1/16/0/0/0/0/2.b3dm"},"geometricError":0,"refine":"REPLACE","transform":[0.999999999989456,-1.74197626373607e-06,4.24887043265487e-06,0.0,1.7419635797773e-06,0.999999999994027,2.98524407521539e-06,0.0,-4.24887563291559e-06,-2.98523667374706e-06,0.999999999986518,0.0,-27.113035179209,-18.9430911475793,1.23323301412165,1.0]},{"boundingVolume":{"box":[0.322607384761795,0.298205285565928,1.27908054320142,24.4082921736408,0,0,0,10.0338846349623,0,0,0,8.47121497290209]},"content":{"uri":"1/16/0/0/0/0/3.b3dm"},"geometricError":0,"refine":"REPLACE","transform":[0.999999999993986,1.31561817240389e-06,-3.20893646466036e-06,0.0,-1.31562655855055e-06,0.99999999999572,-2.61336291373926e-06,0.0,3.20893302632358e-06,2.61336713552884e-06,0.999999999991437,0.0,20.4769253418781,16.5789629523642,0.789181420579553,1.0]},{"boundingVolume":{"box":[-0.236759835621342,-0.239352160599083,0.958123797550797,24.2831509409007,0,0,0,10.1274437019601,0,0,0,8.47119901981205]},"content":{"uri":"1/16/0/0/0/0/4.b3dm"},"geometricError":0,"refine":"REPLACE","transform":[0.999999999993622,1.35484011490328e-06,-3.30460306779967e-06,0.0,-1.3548335852036e-06,0.99999999999713,1.97595112394477e-06,0.0,3.30460574473784e-06,-1.97594664669287e-06,0.999999999992588,0.0,21.0874353689142,-12.5392402582802,1.11012758687139,1.0]},{"boundingVolume":{"box":[0.332152984570712,0.301854288205504,1.27018030872568,24.3457445949316,0,0,0,10.0964189954102,0,0,0,8.47120974352583]},"content":{"uri":"1/16/0/0/0/0/5.b3dm"},"geometricError":0,"refine":"REPLACE","transform":[0.999999999987758,1.87706606422089e-06,-4.57836921569088e-06,0.0,-1.87707884790544e-06,0.99999999999434,-2.79218188287134e-06,0.0,4.57836397446293e-06,2.7921904767747e-06,0.999999999985621,0.0,29.2155731180683,17.7135081212036,0.798046111129224,1.0]},{"boundingVolume":{"box":[-0.251466268207878,-0.247443228960037,0.977771783713251,29.5007378766313,0,0,0,10.9167133020237,0,0,0,8.47122251754627]},"content":{"uri":"1/16/0/0/0/0/6.b3dm"},"geometricError":0,"refine":"REPLACE","transform":[0.999999999988649,1.80744556360635e-06,-4.40855720806876e-06,0.0,-1.80743749527634e-06,0.999999999996692,1.83016444049722e-06,0.0,4.40856051583566e-06,-1.83015647226004e-06,0.999999999988608,0.0,28.1320199361071,-11.6142108174972,1.09046417009085,1.0]}],"content":{"uri":"1/16/0/0/0/0.b3dm"},"geometricError":0.288477818364825,"refine":"REPLACE","transform":[1.0,0.0,0.0,0.0,-4.92875078094002e-17,1.0,-5.55111512312578e-17,0.0,2.39245861100223e-17,5.55111512312578e-17,1.0,0.0,0.0,0.0,0.0,1.0]}],"content":{"uri":"1/16/0/0/0.b3dm"},"geometricError":1.1539112734593,"refine":"REPLACE","transform":[1.0,0.0,0.0,0.0,-4.92875078094002e-17,1.0,-5.55111512312578e-17,0.0,2.39245861100223e-17,5.55111512312578e-17,1.0,0.0,0.0,0.0,0.0,1.0]}],"content":{"uri":"1/16/0/0.b3dm"},"geometricError":4.6156450938372,"refine":"REPLACE","transform":[1.0,0.0,0.0,0.0,-4.92875078094002e-17,1.0,-5.55111512312578e-17,0.0,2.39245861100223e-17,5.55111512312578e-17,1.0,0.0,0.0,0.0,0.0,1.0]}],"content":{"uri":"1/16/0.b3dm"},"geometricError":18.4625803753488,"refine":"REPLACE","transform":[1.0,0.0,0.0,0.0,-4.92875078094002e-17,1.0,-5.55111512312578e-17,0.0,2.39245861100223e-17,5.55111512312578e-17,1.0,0.0,0.0,0.0,0.0,1.0]}],"content":{"uri":"1/16.b3dm"},"geometricError":73.8503215013952,"refine":"REPLACE","transform":[0.997755798527129,0.0213292904407097,-0.0634698973907059,0.0,-0.0253999598089458,0.997624314532743,-0.0640356861037564,0.0,0.0619532771303895,0.0655041099654879,0.995927207696644,0.0,395337.782113617,415480.399448725,25.6799283279106,1.0]},{"boundingVolume":{"box":[-0.516724681481719,0.343181705102324,1.35937102185562,35.4601392732002,0,0,0,17.0324473944493,0,0,0,85.1478801886551]},"children":[{"boundingVolume":{"box":[-0.516724681481719,0.343181705102324,1.35937102185562,35.4601392732002,0,0,0,17.0324473944493,0,0,0,85.1478801886551]},"children":[{"boundingVolume":{"box":[-0.516724681481719,0.343181705102324,1.35937102185562,35.4601392732002,0,0,0,17.0324473944493,0,0,0,85.1478801886551]},"children":[{"boundingVolume":{"box":[-0.516724681481719,0.343181705102324,1.35937102185562,35.4601392732002,0,0,0,17.0324473944493,0,0,0,85.1478801886551]},"children":[{"boundingVolume":{"box":[-0.516724681481719,0.343181705102324,1.35937102185562,35.4601392732002,0,0,0,17.0324473944493,0,0,0,85.1478801886551]},"children":[{"boundingVolume":{"box":[-0.516724681481719,0.343181705102324,1.35937102185562,35.4601392732002,0,0,0,17.0324473944493,0,0,0,85.1478801886551]},"content":{"uri":"1/19/0/0/0/0/0.b3dm"},"geometricError":0,"refine":"REPLACE","transform":[1.0,2.77555756156289e-17,5.55111512312578e-17,0.0,0.0,1.0,0.0,0.0,0.0,0.0,1.0,0.0,0.0,0.0,0.0,1.0]}],"content":{"uri":"1/19/0/0/0/0.b3dm"},"geometricError":0.455795000209751,"refine":"REPLACE","transform":[1.0,2.77555756156289e-17,5.55111512312578e-17,0.0,0.0,1.0,0.0,0.0,0.0,0.0,1.0,0.0,0.0,0.0,0.0,1.0]}],"content":{"uri":"1/19/0/0/0.b3dm"},"geometricError":1.82318000083901,"refine":"REPLACE","transform":[1.0,2.77555756156289e-17,5.55111512312578e-17,0.0,0.0,1.0,0.0,0.0,0.0,0.0,1.0,0.0,0.0,0.0,0.0,1.0]}],"content":{"uri":"1/19/0/0.b3dm"},"geometricError":7.29272000335602,"refine":"REPLACE","transform":[1.0,2.77555756156289e-17,5.55111512312578e-17,0.0,0.0,1.0,0.0,0.0,0.0,0.0,1.0,0.0,0.0,0.0,0.0,1.0]}],"content":{"uri":"1/19/0.b3dm"},"geometricError":29.1708800134241,"refine":"REPLACE","transform":[1.0,2.77555756156289e-17,5.55111512312578e-17,0.0,0.0,1.0,0.0,0.0,0.0,0.0,1.0,0.0,0.0,0.0,0.0,1.0]}],"content":{"uri":"1/19.b3dm"},"geometricError":116.683520053696,"refine":"REPLACE","transform":[0.997758899499943,0.0213145657903074,-0.0634260810221894,0.0,-0.0253805134438147,0.997626711221085,-0.0640060512415062,0.0,0.061911291425644,0.0654723937501343,0.995931904123287,0.0,395075.28226746,415284.689368812,143.161235189997,1.0]},{"boundingVolume":{"box":[-0.894350719638169,0.313207662664354,2.46819710358977,60.5910470080562,0,0,0,15.1891687428579,0,0,0,87.0329015599564]},"children":[{"boundingVolume":{"box":[-0.894350719638169,0.313207662664354,2.46819710358977,60.5910470080562,0,0,0,15.1891687428579,0,0,0,87.0329015599564]},"children":[{"boundingVolume":{"box":[-0.894350719638169,0.313207662664354,2.46819710358977,60.5910470080562,0,0,0,15.1891687428579,0,0,0,87.0329015599564]},"children":[{"boundingVolume":{"box":[-0.894350719638169,0.313207662664354,2.46819710358977,60.5910470080562,0,0,0,15.1891687428579,0,0,0,87.0329015599564]},"children":[{"boundingVolume":{"box":[-0.894350719638169,0.313207662664354,2.46819710358977,60.5910470080562,0,0,0,15.1891687428579,0,0,0,87.0329015599564]},"children":[{"boundingVolume":{"box":[-0.894350719638169,0.313207662664354,2.46819710358977,60.5910470080562,0,0,0,15.1891687428579,0,0,0,87.0329015599564]},"content":{"uri":"1/20/0/0/0/0/0.b3dm"},"geometricError":0,"refine":"REPLACE","transform":[1.0,0.0,0.0,0.0,-2.56813586204172e-17,1.0,0.0,0.0,-1.0528048117501e-17,0.0,1.0,0.0,0.0,0.0,0.0,1.0]}],"content":{"uri":"1/20/0/0/0/0.b3dm"},"geometricError":0.544499059812787,"refine":"REPLACE","transform":[1.0,0.0,0.0,0.0,-2.56813586204172e-17,1.0,0.0,0.0,-1.0528048117501e-17,0.0,1.0,0.0,0.0,0.0,0.0,1.0]}],"content":{"uri":"1/20/0/0/0.b3dm"},"geometricError":2.17799623925115,"refine":"REPLACE","transform":[1.0,0.0,0.0,0.0,-2.56813586204172e-17,1.0,0.0,0.0,-1.0528048117501e-17,0.0,1.0,0.0,0.0,0.0,0.0,1.0]}],"content":{"uri":"1/20/0/0.b3dm"},"geometricError":8.7119849570046,"refine":"REPLACE","transform":[1.0,0.0,0.0,0.0,-2.56813586204172e-17,1.0,0.0,0.0,-1.0528048117501e-17,0.0,1.0,0.0,0.0,0.0,0.0,1.0]}],"content":{"uri":"1/20/0.b3dm"},"geometricError":34.8479398280184,"refine":"REPLACE","transform":[1.0,0.0,0.0,0.0,-2.56813586204172e-17,1.0,0.0,0.0,-1.0528048117501e-17,0.0,1.0,0.0,0.0,0.0,0.0,1.0]}],"content":{"uri":"1/20.b3dm"},"geometricError":139.391759312074,"refine":"REPLACE","transform":[0.997757818315934,0.0213197008412976,-0.0634413614723454,0.0,-0.0253865942889284,0.997626616279442,-0.064005119492419,0.0,0.0619262207779271,0.0654721684906424,0.995930990748503,0.0,395170.598767933,415283.320863918,138.105150860734,1.0]},{"boundingVolume":{"box":[-0.136743640527129,-0.529261029325426,2.24509670352563,56.8225312326103,0,0,0,26.0545035731047,0,0,0,84.9460771917365]},"children":[{"boundingVolume":{"box":[-0.136743640527129,-0.529261029325426,2.24509670352563,56.8225312326103,0,0,0,26.0545035731047,0,0,0,84.9460771917365]},"children":[{"boundingVolume":{"box":[-0.136743640527129,-0.529261029325426,2.24509670352563,56.8225312326103,0,0,0,26.0545035731047,0,0,0,84.9460771917365]},"children":[{"boundingVolume":{"box":[-0.136743640527129,-0.529261029325426,2.24509670352563,56.8225312326103,0,0,0,26.0545035731047,0,0,0,84.9460771917365]},"children":[{"boundingVolume":{"box":[-0.136743640527129,-0.529261029325426,2.24509670352563,56.8225312326103,0,0,0,26.0545035731047,0,0,0,84.9460771917365]},"children":[{"boundingVolume":{"box":[-0.136743640527129,-0.529261029325426,2.24509670352563,56.8225312326103,0,0,0,26.0545035731047,0,0,0,84.9460771917365]},"content":{"uri":"1/21/0/0/0/0/0.b3dm"},"geometricError":0,"refine":"REPLACE","transform":[1.0,0.0,5.55111512312578e-17,0.0,-2.56813016917442e-17,1.0,0.0,0.0,-1.0528186984116e-17,0.0,1.0,0.0,0.0,0.0,0.0,1.0]}],"content":{"uri":"1/21/0/0/0/0.b3dm"},"geometricError":0.544926962085951,"refine":"REPLACE","transform":[1.0,0.0,5.55111512312578e-17,0.0,-2.56813016917442e-17,1.0,0.0,0.0,-1.0528186984116e-17,0.0,1.0,0.0,0.0,0.0,0.0,1.0]}],"content":{"uri":"1/21/0/0/0.b3dm"},"geometricError":2.1797078483438,"refine":"REPLACE","transform":[1.0,0.0,5.55111512312578e-17,0.0,-2.56813016917442e-17,1.0,0.0,0.0,-1.0528186984116e-17,0.0,1.0,0.0,0.0,0.0,0.0,1.0]}],"content":{"uri":"1/21/0/0.b3dm"},"geometricError":8.71883139337521,"refine":"REPLACE","transform":[1.0,0.0,5.55111512312578e-17,0.0,-2.56813016917442e-17,1.0,0.0,0.0,-1.0528186984116e-17,0.0,1.0,0.0,0.0,0.0,0.0,1.0]}],"content":{"uri":"1/21/0.b3dm"},"geometricError":34.8753255735009,"refine":"REPLACE","transform":[1.0,0.0,5.55111512312578e-17,0.0,-2.56813016917442e-17,1.0,0.0,0.0,-1.0528186984116e-17,0.0,1.0,0.0,0.0,0.0,0.0,1.0]}],"content":{"uri":"1/21.b3dm"},"geometricError":139.501302294003,"refine":"REPLACE","transform":[0.997755808883316,0.0213292412824158,-0.0634697511096154,0.0,-0.0253982896440453,0.997626019435964,-0.0640097822798282,0.0,0.0619537950633957,0.0654781552173724,0.995928882233351,0.0,395346.231320699,415320.987941587,119.32006072998,1.0]},{"boundingVolume":{"box":[1.90598008106462,0.379750225227326,2.34021419892088,51.6439849499147,0,0,0,105.412052004598,0,0,0,8.66603728057817]},"children":[{"boundingVolume":{"box":[1.90598008106462,0.379750225227326,2.34021419892088,51.6439849499147,0,0,0,105.412052004598,0,0,0,8.66603728057817]},"children":[{"boundingVolume":{"box":[1.90598008106462,0.379750225227326,2.34021419892088,51.6439849499147,0,0,0,105.412052004598,0,0,0,8.66603728057817]},"children":[{"boundingVolume":{"box":[1.90598008106462,0.379750225227326,2.34021419892088,51.6439849499147,0,0,0,105.412052004598,0,0,0,8.66603728057817]},"children":[{"boundingVolume":{"box":[1.90598008106462,0.379750225227326,2.34021419892088,51.6439849499147,0,0,0,105.412052004598,0,0,0,8.66603728057817]},"children":[{"boundingVolume":{"box":[1.90598008106462,0.379750225227326,2.34021419892088,51.6439849499147,0,0,0,105.412052004598,0,0,0,8.66603728057817]},"children":[{"boundingVolume":{"box":[1.90598008106462,0.379750225227326,2.34021419892088,51.6439849499147,0,0,0,105.412052004598,0,0,0,8.66603728057817]},"content":{"uri":"2/1/0/0/0/0/0/0.b3dm"},"geometricError":0,"refine":"REPLACE","transform":[1.0,0.0,-5.55111512312578e-17,0.0,2.56813231653505e-17,1.0,0.0,0.0,1.05281346036098e-17,-5.55111512312578e-17,1.0,0.0,0.0,0.0,0.0,1.0]}],"content":{"uri":"2/1/0/0/0/0/0.b3dm"},"geometricError":0.116668386613568,"refine":"REPLACE","transform":[1.0,0.0,-5.55111512312578e-17,0.0,2.56813231653505e-17,1.0,0.0,0.0,1.05281346036098e-17,-5.55111512312578e-17,1.0,0.0,0.0,0.0,0.0,1.0]}],"content":{"uri":"2/1/0/0/0/0.b3dm"},"geometricError":0.466673546454274,"refine":"REPLACE","transform":[1.0,0.0,-5.55111512312578e-17,0.0,2.56813231653505e-17,1.0,0.0,0.0,1.05281346036098e-17,-5.55111512312578e-17,1.0,0.0,0.0,0.0,0.0,1.0]}],"content":{"uri":"2/1/0/0/0.b3dm"},"geometricError":1.8666941858171,"refine":"REPLACE","transform":[1.0,0.0,-5.55111512312578e-17,0.0,2.56813231653505e-17,1.0,0.0,0.0,1.05281346036098e-17,-5.55111512312578e-17,1.0,0.0,0.0,0.0,0.0,1.0]}],"content":{"uri":"2/1/0/0.b3dm"},"geometricError":7.46677674326838,"refine":"REPLACE","transform":[1.0,0.0,-5.55111512312578e-17,0.0,2.56813231653505e-17,1.0,0.0,0.0,1.05281346036098e-17,-5.55111512312578e-17,1.0,0.0,0.0,0.0,0.0,1.0]}],"content":{"uri":"2/1/0.b3dm"},"geometricError":29.8671069730735,"refine":"REPLACE","transform":[1.0,0.0,-5.55111512312578e-17,0.0,2.56813231653505e-17,1.0,0.0,0.0,1.05281346036098e-17,-5.55111512312578e-17,1.0,0.0,0.0,0.0,0.0,1.0]}],"content":{"uri":"2/1.b3dm"},"geometricError":119.468427892294,"refine":"REPLACE","transform":[0.997754780659944,0.0213341214529417,-0.0634842731080563,0.0,-0.0254039744283904,0.997626028745002,-0.0640073812440332,0.0,0.0619680220232084,0.0654764234843997,0.995928110966963,0.0,395431.854217745,415304.758150908,31.5021125040948,1.0]},{"boundingVolume":{"box":[5.05945713282563,-2.27502849884331,11.10881969193,78.5028489839751,0,0,0,67.3285278258845,0,0,0,9.56020582048222]},"children":[{"boundingVolume":{"box":[5.05945713282563,-2.27502849884331,11.10881969193,78.5028489839751,0,0,0,67.3285278258845,0,0,0,9.56020582048222]},"children":[{"boundingVolume":{"box":[5.05945713282563,-2.27502849884331,11.10881969193,78.5028489839751,0,0,0,67.3285278258845,0,0,0,9.56020582048222]},"children":[{"boundingVolume":{"box":[5.05945713282563,-2.27502849884331,11.10881969193,78.5028489839751,0,0,0,67.3285278258845,0,0,0,9.56020582048222]},"children":[{"boundingVolume":{"box":[5.05945713282563,-2.27502849884331,11.10881969193,78.5028489839751,0,0,0,67.3285278258845,0,0,0,9.56020582048222]},"children":[{"boundingVolume":{"box":[5.05945713282563,-2.27502849884331,11.10881969193,78.5028489839751,0,0,0,67.3285278258845,0,0,0,9.56020582048222]},"children":[{"boundingVolume":{"box":[5.05945713282563,-2.27502849884331,11.10881969193,78.5028489839751,0,0,0,67.3285278258845,0,0,0,9.56020582048222]},"content":{"uri":"2/3/0/0/0/0/0/0.b3dm"},"geometricError":0,"refine":"REPLACE","transform":[1.0,-2.77555756156289e-17,0.0,0.0,-2.77555756156289e-17,1.0,5.55111512312578e-17,0.0,0.0,0.0,1.0,0.0,0.0,0.0,0.0,1.0]}],"content":{"uri":"2/3/0/0/0/0/0.b3dm"},"geometricError":0.107399503372835,"refine":"REPLACE","transform":[1.0,-2.77555756156289e-17,0.0,0.0,-2.77555756156289e-17,1.0,5.55111512312578e-17,0.0,0.0,0.0,1.0,0.0,0.0,0.0,0.0,1.0]}],"content":{"uri":"2/3/0/0/0/0.b3dm"},"geometricError":0.429598013491339,"refine":"REPLACE","transform":[1.0,-2.77555756156289e-17,0.0,0.0,-2.77555756156289e-17,1.0,5.55111512312578e-17,0.0,0.0,0.0,1.0,0.0,0.0,0.0,0.0,1.0]}],"content":{"uri":"2/3/0/0/0.b3dm"},"geometricError":1.71839205396536,"refine":"REPLACE","transform":[1.0,-2.77555756156289e-17,0.0,0.0,-2.77555756156289e-17,1.0,5.55111512312578e-17,0.0,0.0,0.0,1.0,0.0,0.0,0.0,0.0,1.0]}],"content":{"uri":"2/3/0/0.b3dm"},"geometricError":6.87356821586143,"refine":"REPLACE","transform":[1.0,-2.77555756156289e-17,0.0,0.0,-2.77555756156289e-17,1.0,5.55111512312578e-17,0.0,0.0,0.0,1.0,0.0,0.0,0.0,0.0,1.0]}],"content":{"uri":"2/3/0.b3dm"},"geometricError":27.4942728634457,"refine":"REPLACE","transform":[1.0,-2.77555756156289e-17,0.0,0.0,-2.77555756156289e-17,1.0,5.55111512312578e-17,0.0,0.0,0.0,1.0,0.0,0.0,0.0,0.0,1.0]}],"content":{"uri":"2/3.b3dm"},"geometricError":109.977091453783,"refine":"REPLACE","transform":[0.997752185293203,0.0213464346402782,-0.0635209136488644,0.0,-0.0254212094985304,0.99762299720174,-0.0640477756198389,0.0,0.062002732603249,0.0655185865412689,0.995923177743828,0.0,395652.815852862,415571.711422006,-9.07667239196599,1.0]},{"boundingVolume":{"box":[-1.34034569328651,-0.0210531211923808,1.08184975804761,31.2915626377799,0,0,0,27.3617278721649,0,0,0,84.9459889507852]},"children":[{"boundingVolume":{"box":[-1.34034569328651,-0.0210531211923808,1.08184975804761,31.2915626377799,0,0,0,27.3617278721649,0,0,0,84.9459889507852]},"children":[{"boundingVolume":{"box":[-1.34034569328651,-0.0210531211923808,1.08184975804761,31.2915626377799,0,0,0,27.3617278721649,0,0,0,84.9459889507852]},"children":[{"boundingVolume":{"box":[-1.34034569328651,-0.0210531211923808,1.08184975804761,31.2915626377799,0,0,0,27.3617278721649,0,0,0,84.9459889507852]},"children":[{"boundingVolume":{"box":[-1.34034569328651,-0.0210531211923808,1.08184975804761,31.2915626377799,0,0,0,27.3617278721649,0,0,0,84.9459889507852]},"children":[{"boundingVolume":{"box":[-1.34034569328651,-0.0210531211923808,1.08184975804761,31.2915626377799,0,0,0,27.3617278721649,0,0,0,84.9459889507852]},"content":{"uri":"2/4/0/0/0/0/0.b3dm"},"geometricError":0,"refine":"REPLACE","transform":[1.0,0.0,0.0,0.0,2.07445975601369e-18,1.0,0.0,0.0,-1.052864027118e-17,0.0,1.0,0.0,0.0,0.0,0.0,1.0]}],"content":{"uri":"2/4/0/0/0/0.b3dm"},"geometricError":0.478139012951183,"refine":"REPLACE","transform":[1.0,0.0,0.0,0.0,2.07445975601369e-18,1.0,0.0,0.0,-1.052864027118e-17,0.0,1.0,0.0,0.0,0.0,0.0,1.0]}],"content":{"uri":"2/4/0/0/0.b3dm"},"geometricError":1.91255605180473,"refine":"REPLACE","transform":[1.0,0.0,0.0,0.0,2.07445975601369e-18,1.0,0.0,0.0,-1.052864027118e-17,0.0,1.0,0.0,0.0,0.0,0.0,1.0]}],"content":{"uri":"2/4/0/0.b3dm"},"geometricError":7.65022420721893,"refine":"REPLACE","transform":[1.0,0.0,0.0,0.0,2.07445975601369e-18,1.0,0.0,0.0,-1.052864027118e-17,0.0,1.0,0.0,0.0,0.0,0.0,1.0]}],"content":{"uri":"2/4/0.b3dm"},"geometricError":30.6008968288757,"refine":"REPLACE","transform":[1.0,0.0,0.0,0.0,2.07445975601369e-18,1.0,0.0,0.0,-1.052864027118e-17,0.0,1.0,0.0,0.0,0.0,0.0,1.0]}],"content":{"uri":"2/4.b3dm"},"geometricError":122.403587315503,"refine":"REPLACE","transform":[0.997753224433606,0.0213415055075253,-0.0635062459527718,0.0,-0.0254139876974675,0.997624551261557,-0.064026431647323,0.0,0.0619889696773117,0.0654965255784505,0.995925485553762,0.0,395570.779959174,415437.643728758,98.844917209819,1.0]},{"boundingVolume":{"box":[-1.08005679934286,0.513645304134116,0.763910016044974,16.7503182969522,0,0,0,16.8866924073081,0,0,0,80.5704367551953]},"children":[{"boundingVolume":{"box":[-1.08005679934286,0.513645304134116,0.763910016044974,16.7503182969522,0,0,0,16.8866924073081,0,0,0,80.5704367551953]},"children":[{"boundingVolume":{"box":[-1.08005679934286,0.513645304134116,0.763910016044974,16.7503182969522,0,0,0,16.8866924073081,0,0,0,80.5704367551953]},"children":[{"boundingVolume":{"box":[-1.08005679934286,0.513645304134116,0.763910016044974,16.7503182969522,0,0,0,16.8866924073081,0,0,0,80.5704367551953]},"children":[{"boundingVolume":{"box":[-1.08005679934286,0.513645304134116,0.763910016044974,16.7503182969522,0,0,0,16.8866924073081,0,0,0,80.5704367551953]},"children":[{"boundingVolume":{"box":[-1.08005679934286,0.513645304134116,0.763910016044974,16.7503182969522,0,0,0,16.8866924073081,0,0,0,80.5704367551953]},"content":{"uri":"2/7/0/0/0/0/0.b3dm"},"geometricError":0,"refine":"REPLACE","transform":[1.0,2.77555756156289e-17,5.55111512312578e-17,0.0,-2.77555756156289e-17,1.0,0.0,0.0,0.0,0.0,1.0,0.0,0.0,0.0,0.0,1.0]}],"content":{"uri":"2/7/0/0/0/0.b3dm"},"geometricError":0.388216979889971,"refine":"REPLACE","transform":[1.0,2.77555756156289e-17,5.55111512312578e-17,0.0,-2.77555756156289e-17,1.0,0.0,0.0,0.0,0.0,1.0,0.0,0.0,0.0,0.0,1.0]}],"content":{"uri":"2/7/0/0/0.b3dm"},"geometricError":1.55286791955988,"refine":"REPLACE","transform":[1.0,2.77555756156289e-17,5.55111512312578e-17,0.0,-2.77555756156289e-17,1.0,0.0,0.0,0.0,0.0,1.0,0.0,0.0,0.0,0.0,1.0]}],"content":{"uri":"2/7/0/0.b3dm"},"geometricError":6.21147167823954,"refine":"REPLACE","transform":[1.0,2.77555756156289e-17,5.55111512312578e-17,0.0,-2.77555756156289e-17,1.0,0.0,0.0,0.0,0.0,1.0,0.0,0.0,0.0,0.0,1.0]}],"content":{"uri":"2/7/0.b3dm"},"geometricError":24.8458867129581,"refine":"REPLACE","transform":[1.0,2.77555756156289e-17,5.55111512312578e-17,0.0,-2.77555756156289e-17,1.0,0.0,0.0,0.0,0.0,1.0,0.0,0.0,0.0,0.0,1.0]}],"content":{"uri":"2/7.b3dm"},"geometricError":99.3835468518326,"refine":"REPLACE","transform":[0.99775166948575,0.0213488809335959,-0.0635281931214888,0.0,-0.0254242521204977,0.997622798187045,-0.0640496677709034,0.0,0.0620097850545493,0.0655208197471069,0.995922591739516,0.0,395704.242653758,415592.421757842,90.2413611952215,1.0]},{"boundingVolume":{"box":[6.38717749016359,0.694444001186639,0.0819083033129573,136.95714661153,0,0,0,35.7464702706784,0,0,0,8.24804570060223]},"children":[{"boundingVolume":{"box":[6.38717749016359,0.694444001186639,0.0819083033129573,136.95714661153,0,0,0,35.7464702706784,0,0,0,8.24804570060223]},"children":[{"boundingVolume":{"box":[6.38717749016359,0.694444001186639,0.0819083033129573,136.95714661153,0,0,0,35.7464702706784,0,0,0,8.24804570060223]},"children":[{"boundingVolume":{"box":[6.38717749016359,0.694444001186639,0.0819083033129573,136.95714661153,0,0,0,35.7464702706784,0,0,0,8.24804570060223]},"children":[{"boundingVolume":{"box":[6.38717749016359,0.694444001186639,0.0819083033129573,136.95714661153,0,0,0,35.7464702706784,0,0,0,8.24804570060223]},"children":[{"boundingVolume":{"box":[6.38717749016359,0.694444001186639,0.0819083033129573,136.95714661153,0,0,0,35.7464702706784,0,0,0,8.24804570060223]},"children":[{"boundingVolume":{"box":[6.38717749016359,0.694444001186639,0.0819083033129573,136.95714661153,0,0,0,35.7464702706784,0,0,0,8.24804570060223]},"content":{"uri":"3/0/0/0/0/0/0/0.b3dm"},"geometricError":0,"refine":"REPLACE","transform":[1.0,0.0,-5.55111512312578e-17,0.0,2.77555756156289e-17,1.0,-5.55111512312578e-17,0.0,-5.55111512312578e-17,0.0,1.0,0.0,0.0,0.0,0.0,1.0]}],"content":{"uri":"3/0/0/0/0/0/0.b3dm"},"geometricError":0.145160772748986,"refine":"REPLACE","transform":[1.0,0.0,-5.55111512312578e-17,0.0,2.77555756156289e-17,1.0,-5.55111512312578e-17,0.0,-5.55111512312578e-17,0.0,1.0,0.0,0.0,0.0,0.0,1.0]}],"content":{"uri":"3/0/0/0/0/0.b3dm"},"geometricError":0.580643090995946,"refine":"REPLACE","transform":[1.0,0.0,-5.55111512312578e-17,0.0,2.77555756156289e-17,1.0,-5.55111512312578e-17,0.0,-5.55111512312578e-17,0.0,1.0,0.0,0.0,0.0,0.0,1.0]}],"content":{"uri":"3/0/0/0/0.b3dm"},"geometricError":2.32257236398378,"refine":"REPLACE","transform":[1.0,0.0,-5.55111512312578e-17,0.0,2.77555756156289e-17,1.0,-5.55111512312578e-17,0.0,-5.55111512312578e-17,0.0,1.0,0.0,0.0,0.0,0.0,1.0]}],"content":{"uri":"3/0/0/0.b3dm"},"geometri