{"asset":{"generatetool":"cesiumlab@www.cesiumlab.com","gltfUpAxis":"Z","version":"1.0"},"root":{"boundingVolume":{"box":[394798.763363764,414752.188633326,205.314815944992,841.367707458907,0,0,0,911.47758761968,0,0,0,984.15862823464]},"children":[{"boundingVolume":{"box":[394319.772938522,414395.954992473,260.783629212528,362.377282216446,0,0,0,469.228198374738,0,0,0,468.856617742218]},"children":[{"boundingVolume":{"box":[394677.965582954,414795.387867988,208.614192425739,4.18463778414298,0,0,0,9.42653866217006,0,0,0,6.4141431809403]},"children":[{"boundingVolume":{"box":[0.445452984888107,0.015004119137302,-0.0366070973686874,2.56252016406506,0,0,0,9.12356442003511,0,0,0,0.540986104402691]},"children":[{"boundingVolume":{"box":[0.445452984888107,0.015004119137302,-0.0366070973686874,2.56252016406506,0,0,0,9.12356442003511,0,0,0,0.540986104402691]},"children":[{"boundingVolume":{"box":[0.445452984888107,0.015004119137302,-0.0366070973686874,2.56252016406506,0,0,0,9.12356442003511,0,0,0,0.540986104402691]},"content":{"uri":"3/5/0/0.b3dm"},"geometricError":0,"refine":"REPLACE","transform":[1.0,0.0,0.0,0.0,-2.07342262253007e-18,1.0,-5.55111512312578e-17,0.0,-4.49850410573161e-17,0.0,1.0,0.0,0.0,0.0,0.0,1.0]}],"content":{"uri":"3/5/0.b3dm"},"geometricError":2.43140236389796,"refine":"REPLACE","transform":[1.0,0.0,0.0,0.0,-2.07342262253007e-18,1.0,-5.55111512312578e-17,0.0,-4.49850410573161e-17,0.0,1.0,0.0,0.0,0.0,0.0,1.0]}],"content":{"uri":"3/5.b3dm"},"geometricError":9.72560945559186,"refine":"REPLACE","transform":[0.997763554655599,0.0212924420596184,-0.0633602470967414,0.0,-0.0253494686435023,0.997632246954268,-0.0639320285652609,0.0,0.0618489566647201,0.0653951966746415,0.995940849052478,0.0,394677.965582954,414795.387867988,208.614192425273,1.0]},{"boundingVolume":{"box":[0.445452984888107,0.015004119137302,-0.0366070973686874,2.56252016406506,0,0,0,9.12356442003511,0,0,0,0.540986104402691]},"children":[{"boundingVolume":{"box":[0.445452984888107,0.015004119137302,-0.0366070973686874,2.56252016406506,0,0,0,9.12356442003511,0,0,0,0.540986104402691]},"children":[{"boundingVolume":{"box":[0.445452984888107,0.015004119137302,-0.0366070973686874,2.56252016406506,0,0,0,9.12356442003511,0,0,0,0.540986104402691]},"content":{"uri":"5/17/0/0.b3dm"},"geometricError":0,"refine":"REPLACE","transform":[1.0,0.0,0.0,0.0,-2.07342262253007e-18,1.0,-5.55111512312578e-17,0.0,-4.49850410573161e-17,0.0,1.0,0.0,0.0,0.0,0.0,1.0]}],"content":{"uri":"5/17/0.b3dm"},"geometricError":2.43140236389796,"refine":"REPLACE","transform":[1.0,0.0,0.0,0.0,-2.07342262253007e-18,1.0,-5.55111512312578e-17,0.0,-4.49850410573161e-17,0.0,1.0,0.0,0.0,0.0,0.0,1.0]}],"content":{"uri":"5/17.b3dm"},"geometricError":9.72560945559186,"refine":"REPLACE","transform":[0.997763554655599,0.0212924420596184,-0.0633602470967414,0.0,-0.0253494686435023,0.997632246954268,-0.0639320285652609,0.0,0.0618489566647201,0.0653951966746415,0.995940849052478,0.0,394677.965582954,414795.387867988,208.614192425273,1.0]}],"geometricError":9.72560945559186,"refine":"REPLACE"},{"boundingVolume":{"box":[-0.492333746748045,-0.449577054707333,1.69344500126317,14.4012812746223,0,0,0,18.4307177558076,0,0,0,1.20392959425226]},"children":[{"boundingVolume":{"box":[-0.492333746748045,-0.449577054707333,1.69344500126317,14.4012812746223,0,0,0,18.4307177558076,0,0,0,1.20392959425226]},"children":[{"boundingVolume":{"box":[-0.492333746748045,-0.449577054707333,1.69344500126317,14.4012812746223,0,0,0,18.4307177558076,0,0,0,1.20392959425226]},"children":[{"boundingVolume":{"box":[-0.492333746748045,-0.449577054707333,1.69344500126317,14.4012812746223,0,0,0,18.4307177558076,0,0,0,1.20392959425226]},"children":[{"boundingVolume":{"box":[-0.492333746748045,-0.449577054707333,1.69344500126317,14.4012812746223,0,0,0,18.4307177558076,0,0,0,1.20392959425226]},"children":[{"boundingVolume":{"box":[-0.492333746748045,-0.449577054707333,1.69344500126317,14.4012812746223,0,0,0,18.4307177558076,0,0,0,1.20392959425226]},"content":{"uri":"4/13/0/0/0/0/0.b3dm"},"geometricError":0,"refine":"REPLACE","transform":[1.0,-2.77555756156289e-17,-5.55111512312578e-17,0.0,2.56832922938176e-17,1.0,5.55111512312578e-17,0.0,6.60344812510388e-17,0.0,1.0,0.0,0.0,0.0,0.0,1.0]}],"content":{"uri":"4/13/0/0/0/0.b3dm"},"geometricError":0.0925164251659665,"refine":"REPLACE","transform":[1.0,-2.77555756156289e-17,-5.55111512312578e-17,0.0,2.56832922938176e-17,1.0,5.55111512312578e-17,0.0,6.60344812510388e-17,0.0,1.0,0.0,0.0,0.0,0.0,1.0]}],"content":{"uri":"4/13/0/0/0.b3dm"},"geometricError":0.370065700663866,"refine":"REPLACE","transform":[1.0,-2.77555756156289e-17,-5.55111512312578e-17,0.0,2.56832922938176e-17,1.0,5.55111512312578e-17,0.0,6.60344812510388e-17,0.0,1.0,0.0,0.0,0.0,0.0,1.0]}],"content":{"uri":"4/13/0/0.b3dm"},"geometricError":1.48026280265546,"refine":"REPLACE","transform":[1.0,-2.77555756156289e-17,-5.55111512312578e-17,0.0,2.56832922938176e-17,1.0,5.55111512312578e-17,0.0,6.60344812510388e-17,0.0,1.0,0.0,0.0,0.0,0.0,1.0]}],"content":{"uri":"4/13/0.b3dm"},"geometricError":5.92105121062186,"refine":"REPLACE","transform":[1.0,-2.77555756156289e-17,-5.55111512312578e-17,0.0,2.56832922938176e-17,1.0,5.55111512312578e-17,0.0,6.60344812510388e-17,0.0,1.0,0.0,0.0,0.0,0.0,1.0]}],"content":{"uri":"4/13.b3dm"},"geometricError":23.6842048424874,"refine":"REPLACE","transform":[0.997771580044945,0.0212542469030632,-0.0632465891823293,0.0,-0.0252973125587522,0.997640289404519,-0.0638271018782107,0.0,0.0617407485532814,0.0652848370255323,0.995954803202751,0.0,393988.122992116,414095.884008747,309.789456648752,1.0]},{"boundingVolume":{"box":[-0.0933846225962043,-0.0976977290119976,-0.805063660722226,9.02683165762573,0,0,0,11.713808714645,0,0,0,1.26907395990565]},"children":[{"boundingVolume":{"box":[-0.0933846225962043,-0.0976977290119976,-0.805063660722226,9.02683165762573,0,0,0,11.713808714645,0,0,0,1.26907395990565]},"children":[{"boundingVolume":{"box":[-0.0933846225962043,-0.0976977290119976,-0.805063660722226,9.02683165762573,0,0,0,11.713808714645,0,0,0,1.26907395990565]},"children":[{"boundingVolume":{"box":[-0.0933846225962043,-0.0976977290119976,-0.805063660722226,9.02683165762573,0,0,0,11.713808714645,0,0,0,1.26907395990565]},"content":{"uri":"4/14/0/0/0.b3dm"},"geometricError":0,"refine":"REPLACE","transform":[1.0,0.0,0.0,0.0,0.0,1.0,-5.55111512312578e-17,0.0,0.0,0.0,1.0,0.0,0.0,0.0,0.0,1.0]}],"content":{"uri":"4/14/0/0.b3dm"},"geometricError":0.94162440758208,"refine":"REPLACE","transform":[1.0,0.0,0.0,0.0,0.0,1.0,-5.55111512312578e-17,0.0,0.0,0.0,1.0,0.0,0.0,0.0,0.0,1.0]}],"content":{"uri":"4/14/0.b3dm"},"geometricError":3.76649763032832,"refine":"REPLACE","transform":[1.0,0.0,0.0,0.0,0.0,1.0,-5.55111512312578e-17,0.0,0.0,0.0,1.0,0.0,0.0,0.0,0.0,1.0]}],"content":{"uri":"4/14.b3dm"},"geometricError":15.0659905213133,"refine":"REPLACE","transform":[0.997771572225445,0.0212542841518855,-0.0632467000242225,0.0,-0.0252968112545879,0.997640865378881,-0.0638182972698789,0.0,0.0617410803202604,0.0652760226367061,0.995955360379982,0.0,393990.409373132,414040.139988538,316.184516726993,1.0]},{"boundingVolume":{"box":[0.0741625174414366,0.0674629029817879,-0.390201509930193,9.12043142761104,0,0,0,11.713557227049,0,0,0,0.225552185438573]},"children":[{"boundingVolume":{"box":[0.0741625174414366,0.0674629029817879,-0.390201509930193,9.12043142761104,0,0,0,11.713557227049,0,0,0,0.225552185438573]},"children":[{"boundingVolume":{"box":[0.0741625174414366,0.0674629029817879,-0.390201509930193,9.12043142761104,0,0,0,11.713557227049,0,0,0,0.225552185438573]},"children":[{"boundingVolume":{"box":[0.0741625174414366,0.0674629029817879,-0.390201509930193,9.12043142761104,0,0,0,11.713557227049,0,0,0,0.225552185438573]},"content":{"uri":"4/15/0/0/0.b3dm"},"geometricError":0,"refine":"REPLACE","transform":[1.0,2.77555756156289e-17,0.0,0.0,-2.07211800326976e-18,1.0,5.55111512312578e-17,0.0,1.05229265334813e-17,5.55111512312578e-17,1.0,0.0,0.0,0.0,0.0,1.0]}],"content":{"uri":"4/15/0/0.b3dm"},"geometricError":0.94032073541628,"refine":"REPLACE","transform":[1.0,2.77555756156289e-17,0.0,0.0,-2.07211800326976e-18,1.0,5.55111512312578e-17,0.0,1.05229265334813e-17,5.55111512312578e-17,1.0,0.0,0.0,0.0,0.0,1.0]}],"content":{"uri":"4/15/0.b3dm"},"geometricError":3.76128294166512,"refine":"REPLACE","transform":[1.0,2.77555756156289e-17,0.0,0.0,-2.07211800326976e-18,1.0,5.55111512312578e-17,0.0,1.05229265334813e-17,5.55111512312578e-17,1.0,0.0,0.0,0.0,0.0,1.0]}],"content":{"uri":"4/15.b3dm"},"geometricError":15.0451317666605,"refine":"REPLACE","transform":[0.997771613231654,0.0212540888147376,-0.063246118756469,0.0,-0.0252961544540304,0.997641318915389,-0.0638114673283826,0.0,0.0617406867384868,0.0652691542876008,0.9959558349142,0.0,393987.918550723,413996.589410758,319.633734198287,1.0]},{"boundingVolume":{"box":[-0.37123849359341,-0.7031656045001,1.7153396634385,19.5258305433672,0,0,0,16.9013106015045,0,0,0,1.69101195316762]},"children":[{"boundingVolume":{"box":[-0.37123849359341,-0.7031656045001,1.7153396634385,19.5258305433672,0,0,0,16.9013106015045,0,0,0,1.69101195316762]},"children":[{"boundingVolume":{"box":[-0.37123849359341,-0.7031656045001,1.7153396634385,19.5258305433672,0,0,0,16.9013106015045,0,0,0,1.69101195316762]},"children":[{"boundingVolume":{"box":[-0.37123849359341,-0.7031656045001,1.7153396634385,19.5258305433672,0,0,0,16.9013106015045,0,0,0,1.69101195316762]},"children":[{"boundingVolume":{"box":[-0.37123849359341,-0.7031656045001,1.7153396634385,19.5258305433672,0,0,0,16.9013106015045,0,0,0,1.69101195316762]},"children":[{"boundingVolume":{"box":[-0.37123849359341,-0.7031656045001,1.7153396634385,19.5258305433672,0,0,0,16.9013106015045,0,0,0,1.69101195316762]},"content":{"uri":"4/16/0/0/0/0/0.b3dm"},"geometricError":0,"refine":"REPLACE","transform":[1.0,2.77555756156289e-17,0.0,0.0,0.0,1.0,0.0,0.0,0.0,-5.55111512312578e-17,1.0,0.0,0.0,0.0,0.0,1.0]}],"content":{"uri":"4/16/0/0/0/0.b3dm"},"geometricError":0.10190275403202,"refine":"REPLACE","transform":[1.0,2.77555756156289e-17,0.0,0.0,0.0,1.0,0.0,0.0,0.0,-5.55111512312578e-17,1.0,0.0,0.0,0.0,0.0,1.0]}],"content":{"uri":"4/16/0/0/0.b3dm"},"geometricError":0.407611016128078,"refine":"REPLACE","transform":[1.0,2.77555756156289e-17,0.0,0.0,0.0,1.0,0.0,0.0,0.0,-5.55111512312578e-17,1.0,0.0,0.0,0.0,0.0,1.0]}],"content":{"uri":"4/16/0/0.b3dm"},"geometricError":1.63044406451231,"refine":"REPLACE","transform":[1.0,2.77555756156289e-17,0.0,0.0,0.0,1.0,0.0,0.0,0.0,-5.55111512312578e-17,1.0,0.0,0.0,0.0,0.0,1.0]}],"content":{"uri":"4/16/0.b3dm"},"geometricError":6.52177625804925,"refine":"REPLACE","transform":[1.0,2.77555756156289e-17,0.0,0.0,0.0,1.0,0.0,0.0,0.0,-5.55111512312578e-17,1.0,0.0,0.0,0.0,0.0,1.0]}],"content":{"uri":"4/16.b3dm"},"geometricError":26.087105032197,"refine":"REPLACE","transform":[0.997771483329294,0.0212547076113347,-0.0632479601190138,0.0,-0.0252982706486633,0.997639844445983,-0.0638336766603824,0.0,0.0617419189614859,0.0652914862608588,0.995954294766984,0.0,393995.627028259,414138.102237536,307.029943547212,1.0]}],"geometricError":548.141910310842,"refine":"REPLACE"},{"boundingVolume":{"box":[-1.8288628202863,-0.198640935355797,1.87573023885489,15.4453307301737,0,0,0,23.0991787288804,0,0,0,29.6500194463879]},"children":[{"boundingVolume":{"box":[-1.8288628202863,-0.198640935355797,1.87573023885489,15.4453307301737,0,0,0,23.0991787288804,0,0,0,29.6500194463879]},"children":[{"boundingVolume":{"box":[-1.8288628202863,-0.198640935355797,1.87573023885489,15.4453307301737,0,0,0,23.0991787288804,0,0,0,29.6500194463879]},"children":[{"boundingVolume":{"box":[-1.8288628202863,-0.198640935355797,1.87573023885489,15.4453307301737,0,0,0,23.0991787288804,0,0,0,29.6500194463879]},"children":[{"boundingVolume":{"box":[-1.8288628202863,-0.198640935355797,1.87573023885489,15.4453307301737,0,0,0,23.0991787288804,0,0,0,29.6500194463879]},"children":[{"boundingVolume":{"box":[-1.8288628202863,-0.198640935355797,1.87573023885489,15.4453307301737,0,0,0,23.0991787288804,0,0,0,29.6500194463879]},"content":{"uri":"1/4/0/0/0/0/0.b3dm"},"geometricError":0,"refine":"REPLACE","transform":[1.0,0.0,0.0,0.0,2.77555756156289e-17,1.0,-5.55111512312578e-17,0.0,0.0,0.0,1.0,0.0,0.0,0.0,0.0,1.0]}],"content":{"uri":"1/4/0/0/0/0.b3dm"},"geometricError":0.208635469506847,"refine":"REPLACE","transform":[1.0,0.0,0.0,0.0,2.77555756156289e-17,1.0,-5.55111512312578e-17,0.0,0.0,0.0,1.0,0.0,0.0,0.0,0.0,1.0]}],"content":{"uri":"1/4/0/0/0.b3dm"},"geometricError":0.834541878027387,"refine":"REPLACE","transform":[1.0,0.0,0.0,0.0,2.77555756156289e-17,1.0,-5.55111512312578e-17,0.0,0.0,0.0,1.0,0.0,0.0,0.0,0.0,1.0]}],"content":{"uri":"1/4/0/0.b3dm"},"geometricError":3.33816751210955,"refine":"REPLACE","transform":[1.0,0.0,0.0,0.0,2.77555756156289e-17,1.0,-5.55111512312578e-17,0.0,0.0,0.0,1.0,0.0,0.0,0.0,0.0,1.0]}],"content":{"uri":"1/4/0.b3dm"},"geometricError":13.3526700484382,"refine":"REPLACE","transform":[1.0,0.0,0.0,0.0,2.77555756156289e-17,1.0,-5.55111512312578e-17,0.0,0.0,0.0,1.0,0.0,0.0,0.0,0.0,1.0]}],"content":{"uri":"1/4.b3dm"},"geometricError":53.4106801937527,"refine":"REPLACE","transform":[0.997760981942455,0.0213046717886885,-0.0633966392895035,0.0,-0.0253704793290687,0.997625113833022,-0.0640349203814802,0.0,0.0618818365260798,0.0654999481650594,0.995931922923717,0.0,394883.314357492,415455.379388545,78.4890763470903,1.0]},{"boundingVolume":{"box":[0.114403953775764,-0.230505801737309,1.96061631850898,32.0575429056771,0,0,0,19.1233045365661,0,0,0,29.6500415895134]},"children":[{"boundingVolume":{"box":[0.114403953775764,-0.230505801737309,1.96061631850898,32.0575429056771,0,0,0,19.1233045365661,0,0,0,29.6500415895134]},"children":[{"boundingVolume":{"box":[0.114403953775764,-0.230505801737309,1.96061631850898,32.0575429056771,0,0,0,19.1233045365661,0,0,0,29.6500415895134]},"children":[{"boundingVolume":{"box":[0.114403953775764,-0.230505801737309,1.96061631850898,32.0575429056771,0,0,0,19.1233045365661,0,0,0,29.6500415895134]},"children":[{"boundingVolume":{"box":[0.114403953775764,-0.230505801737309,1.96061631850898,32.0575429056771,0,0,0,19.1233045365661,0,0,0,29.6500415895134]},"children":[{"boundingVolume":{"box":[0.114403953775764,-0.230505801737309,1.96061631850898,32.0575429056771,0,0,0,19.1233045365661,0,0,0,29.6500415895134]},"content":{"uri":"1/6/0/0/0/0/0.b3dm"},"geometricError":0,"refine":"REPLACE","transform":[1.0,5.55111512312578e-17,0.0,0.0,-4.92874013734771e-17,1.0,0.0,0.0,2.39243265024231e-17,0.0,1.0,0.0,0.0,0.0,0.0,1.0]}],"content":{"uri":"1/6/0/0/0/0.b3dm"},"geometricError":0.243026722996356,"refine":"REPLACE","transform":[1.0,5.55111512312578e-17,0.0,0.0,-4.92874013734771e-17,1.0,0.0,0.0,2.39243265024231e-17,0.0,1.0,0.0,0.0,0.0,0.0,1.0]}],"content":{"uri":"1/6/0/0/0.b3dm"},"geometricError":0.972106891985424,"refine":"REPLACE","transform":[1.0,5.55111512312578e-17,0.0,0.0,-4.92874013734771e-17,1.0,0.0,0.0,2.39243265024231e-17,0.0,1.0,0.0,0.0,0.0,0.0,1.0]}],"content":{"uri":"1/6/0/0.b3dm"},"geometricError":3.8884275679417,"refine":"REPLACE","transform":[1.0,5.55111512312578e-17,0.0,0.0,-4.92874013734771e-17,1.0,0.0,0.0,2.39243265024231e-17,0.0,1.0,0.0,0.0,0.0,0.0,1.0]}],"content":{"uri":"1/6/0.b3dm"},"geometricError":15.5537102717668,"refine":"REPLACE","transform":[1.0,5.55111512312578e-17,0.0,0.0,-4.92874013734771e-17,1.0,0.0,0.0,2.39243265024231e-17,0.0,1.0,0.0,0.0,0.0,0.0,1.0]}],"content":{"uri":"1/6.b3dm"},"geometricError":62.2148410870671,"refine":"REPLACE","transform":[0.997759752972288,0.021310511371199,-0.0634140162249331,0.0,-0.0253778053532132,0.99762457165454,-0.0640404639782532,0.0,0.0618986457374676,0.0655063060795945,0.995930460182674,0.0,394990.578418319,415495.725971111,69.0844824584201,1.0]},{"boundingVolume":{"box":[0.184306887909774,-0.713013602187857,0.986564110964537,50.6231979993172,0,0,0,43.4174349501263,0,0,0,3.19737311732024]},"children":[{"boundingVolume":{"box":[0.184306887909774,-0.713013602187857,0.986564110964537,50.6231979993172,0,0,0,43.4174349501263,0,0,0,3.19737311732024]},"children":[{"boundingVolume":{"box":[0.184306887909774,-0.713013602187857,0.986564110964537,50.6231979993172,0,0,0,43.4174349501263,0,0,0,3.19737311732024]},"children":[{"boundingVolume":{"box":[0.184306887909774,-0.713013602187857,0.986564110964537,50.6231979993172,0,0,0,43.4174349501263,0,0,0,3.19737311732024]},"children":[{"boundingVolume":{"box":[0.184306887909774,-0.713013602187857,0.986564110964537,50.6231979993172,0,0,0,43.4174349501263,0,0,0,3.19737311732024]},"children":[{"boundingVolume":{"box":[0.184306887909774,-0.713013602187857,0.986564110964537,50.6231979993172,0,0,0,43.4174349501263,0,0,0,3.19737311732024]},"children":[{"boundingVolume":{"box":[0.184306887909774,-0.713013602187857,0.986564110964537,50.6231979993172,0,0,0,43.4174349501263,0,0,0,3.19737311732024]},"content":{"uri":"1/9/0/0/0/0/0/0.b3dm"},"geometricError":0,"refine":"REPLACE","transform":[1.0,0.0,0.0,0.0,-2.07446933417769e-18,1.0,0.0,0.0,6.60398148651527e-17,0.0,1.0,0.0,0.0,0.0,0.0,1.0]}],"content":{"uri":"1/9/0/0/0/0/0.b3dm"},"geometricError":0.0636406818701239,"refine":"REPLACE","transform":[1.0,0.0,0.0,0.0,-2.07446933417769e-18,1.0,0.0,0.0,6.60398148651527e-17,0.0,1.0,0.0,0.0,0.0,0.0,1.0]}],"content":{"uri":"1/9/0/0/0/0.b3dm"},"geometricError":0.254562727480496,"refine":"REPLACE","transform":[1.0,0.0,0.0,0.0,-2.07446933417769e-18,1.0,0.0,0.0,6.60398148651527e-17,0.0,1.0,0.0,0.0,0.0,0.0,1.0]}],"content":{"uri":"1/9/0/0/0.b3dm"},"geometricError":1.01825090992198,"refine":"REPLACE","transform":[1.0,0.0,0.0,0.0,-2.07446933417769e-18,1.0,0.0,0.0,6.60398148651527e-17,0.0,1.0,0.0,0.0,0.0,0.0,1.0]}],"content":{"uri":"1/9/0/0.b3dm"},"geometricError":4.07300363968793,"refine":"REPLACE","transform":[1.0,0.0,0.0,0.0,-2.07446933417769e-18,1.0,0.0,0.0,6.60398148651527e-17,0.0,1.0,0.0,0.0,0.0,0.0,1.0]}],"content":{"uri":"1/9/0.b3dm"},"geometricError":16.2920145587517,"refine":"REPLACE","transform":[1.0,0.0,0.0,0.0,-2.07446933417769e-18,1.0,0.0,0.0,6.60398148651527e-17,0.0,1.0,0.0,0.0,0.0,0.0,1.0]}],"content":{"uri":"1/9.b3dm"},"geometricError":65.1680582350069,"refine":"REPLACE","transform":[0.997763256987263,0.021293857426002,-0.0633644588242428,0.0,-0.0253573034613681,0.997625703973734,-0.064030945113117,0.0,0.0618505470253591,0.065494476155108,0.995934226455659,0.0,394691.942057693,415429.101056958,226.688787798397,1.0]},{"boundingVolume":{"box":[-0.126471003284678,-0.513604843057692,1.97574707213789,56.3341269034427,0,0,0,16.0480895177461,0,0,0,6.92025717068464]},"children":[{"boundingVolume":{"box":[-0.126471003284678,-0.513604843057692,1.97574707213789,56.3341269034427,0,0,0,16.0480895177461,0,0,0,6.92025717068464]},"children":[{"boundingVolume":{"box":[-0.126471003284678,-0.513604843057692,1.97574707213789,56.3341269034427,0,0,0,16.0480895177461,0,0,0,6.92025717068464]},"children":[{"boundingVolume":{"box":[-0.126471003284678,-0.513604843057692,1.97574707213789,56.3341269034427,0,0,0,16.0480895177461,0,0,0,6.92025717068464]},"children":[{"boundingVolume":{"box":[-0.126471003284678,-0.513604843057692,1.97574707213789,56.3341269034427,0,0,0,16.0480895177461,0,0,0,6.92025717068464]},"children":[{"boundingVolume":{"box":[-0.126471003284678,-0.513604843057692,1.97574707213789,56.3341269034427,0,0,0,16.0480895177461,0,0,0,6.92025717068464]},"children":[{"boundingVolume":{"box":[-0.126471003284678,-0.513604843057692,1.97574707213789,56.3341269034427,0,0,0,16.0480895177461,0,0,0,6.92025717068464]},"content":{"uri":"1/11/0/0/0/0/0/0.b3dm"},"geometricError":0,"refine":"REPLACE","transform":[1.0,2.77555756156289e-17,5.55111512312578e-17,0.0,0.0,1.0,0.0,0.0,0.0,-5.55111512312578e-17,1.0,0.0,0.0,0.0,0.0,1.0]}],"content":{"uri":"1/11/0/0/0/0/0.b3dm"},"geometricError":0.061878439754668,"refine":"REPLACE","transform":[1.0,2.77555756156289e-17,5.55111512312578e-17,0.0,0.0,1.0,0.0,0.0,0.0,-5.55111512312578e-17,1.0,0.0,0.0,0.0,0.0,1.0]}],"content":{"uri":"1/11/0/0/0/0.b3dm"},"geometricError":0.247513759018672,"refine":"REPLACE","transform":[1.0,2.77555756156289e-17,5.55111512312578e-17,0.0,0.0,1.0,0.0,0.0,0.0,-5.55111512312578e-17,1.0,0.0,0.0,0.0,0.0,1.0]}],"content":{"uri":"1/11/0/0/0.b3dm"},"geometricError":0.990055036074688,"refine":"REPLACE","transform":[1.0,2.77555756156289e-17,5.55111512312578e-17,0.0,0.0,1.0,0.0,0.0,0.0,-5.55111512312578e-17,1.0,0.0,0.0,0.0,0.0,1.0]}],"content":{"uri":"1/11/0/0.b3dm"},"geometricError":3.96022014429875,"refine":"REPLACE","transform":[1.0,2.77555756156289e-17,5.55111512312578e-17,0.0,0.0,1.0,0.0,0.0,0.0,-5.55111512312578e-17,1.0,0.0,0.0,0.0,0.0,1.0]}],"content":{"uri":"1/11/0.b3dm"},"geometricError":15.840880577195,"refine":"REPLACE","transform":[1.0,2.77555756156289e-17,5.55111512312578e-17,0.0,0.0,1.0,0.0,0.0,0.0,-5.55111512312578e-17,1.0,0.0,0.0,0.0,0.0,1.0]}],"content":{"uri":"1/11.b3dm"},"geometricError":63.3635223087801,"refine":"REPLACE","transform":[0.997758351706196,0.0213171676755502,-0.0634338234920968,0.0,-0.0253853159047286,0.997624842589593,-0.0640332662333114,0.0,0.0619181503030505,0.0655000138197044,0.995929661598984,0.0,395113.494027534,415454.24810779,39.1967783393338,1.0]},{"boundingVolume":{"box":[0.185545278480276,1.3346687159501,-2.06340349605307,37.6835744434502,0,0,0,22.5869248090312,0,0,0,6.78201874205843]},"children":[{"boundingVolume":{"box":[0.185545278480276,1.3346687159501,-2.06340349605307,37.6835744434502,0,0,0,22.5869248090312,0,0,0,6.78201874205843]},"children":[{"boundingVolume":{"box":[0.185545278480276,1.3346687159501,-2.06340349605307,37.6835744434502,0,0,0,22.5869248090312,0,0,0,6.78201874205843]},"children":[{"boundingVolume":{"box":[0.185545278480276,1.3346687159501,-2.06340349605307,37.6835744434502,0,0,0,22.5869248090312,0,0,0,6.78201874205843]},"children":[{"boundingVolume":{"box":[0.185545278480276,1.3346687159501,-2.06340349605307,37.6835744434502,0,0,0,22.5869248090312,0,0,0,6.78201874205843]},"children":[{"boundingVolume":{"box":[0.185545278480276,1.3346687159501,-2.06340349605307,37.6835744434502,0,0,0,22.5869248090312,0,0,0,6.78201874205843]},"children":[{"boundingVolume":{"box":[0.185545278480276,1.3346687159501,-2.06340349605307,37.6835744434502,0,0,0,22.5869248090312,0,0,0,6.78201874205843]},"content":{"uri":"1/12/0/0/0/0/0/0.b3dm"},"geometricError":0,"refine":"REPLACE","transform":[1.0,2.77555756156289e-17,5.55111512312578e-17,0.0,2.07446203077402e-18,1.0,0.0,0.0,-6.60397970509573e-17,0.0,1.0,0.0,0.0,0.0,0.0,1.0]}],"content":{"uri":"1/12/0/0/0/0/0.b3dm"},"geometricError":0.0467443327617403,"refine":"REPLACE","transform":[1.0,2.77555756156289e-17,5.55111512312578e-17,0.0,2.07446203077402e-18,1.0,0.0,0.0,-6.60397970509573e-17,0.0,1.0,0.0,0.0,0.0,0.0,1.0]}],"content":{"uri":"1/12/0/0/0/0.b3dm"},"geometricError":0.186977331046961,"refine":"REPLACE","transform":[1.0,2.77555756156289e-17,5.55111512312578e-17,0.0,2.07446203077402e-18,1.0,0.0,0.0,-6.60397970509573e-17,0.0,1.0,0.0,0.0,0.0,0.0,1.0]}],"content":{"uri":"1/12/0/0/0.b3dm"},"geometricError":0.747909324187845,"refine":"REPLACE","transform":[1.0,2.77555756156289e-17,5.55111512312578e-17,0.0,2.07446203077402e-18,1.0,0.0,0.0,-6.60397970509573e-17,0.0,1.0,0.0,0.0,0.0,0.0,1.0]}],"content":{"uri":"1/12/0/0.b3dm"},"geometricError":2.99163729675138,"refine":"REPLACE","transform":[1.0,2.77555756156289e-17,5.55111512312578e-17,0.0,2.07446203077402e-18,1.0,0.0,0.0,-6.60397970509573e-17,0.0,1.0,0.0,0.0,0.0,0.0,1.0]}],"content":{"uri":"1/12/0.b3dm"},"geometricError":11.9665491870055,"refine":"REPLACE","transform":[1.0,2.77555756156289e-17,5.55111512312578e-17,0.0,2.07446203077402e-18,1.0,0.0,0.0,-6.60397970509573e-17,0.0,1.0,0.0,0.0,0.0,0.0,1.0]}],"content":{"uri":"1/12.b3dm"},"geometricError":47.866196748022,"refine":"REPLACE","transform":[0.997759029249649,0.021313949464456,-0.0634242470118804,0.0,-0.0253811866618644,0.99762523854183,-0.064028734080813,0.0,0.0619089243520918,0.0654950302128526,0.995930562892305,0.0,395054.882396855,415422.892456317,49.2072706939653,1.0]},{"boundingVolume":{"box":[2.46745421434753,0.128612768137828,1.21670461446047,24.8481943246443,0,0,0,22.5258833270054,0,0,0,6.72138665709645]},"children":[{"boundingVolume":{"box":[2.46745421434753,0.128612768137828,1.21670461446047,24.8481943246443,0,0,0,22.5258833270054,0,0,0,6.72138665709645]},"children":[{"boundingVolume":{"box":[2.46745421434753,0.128612768137828,1.21670461446047,24.8481943246443,0,0,0,22.5258833270054,0,0,0,6.72138665709645]},"children":[{"boundingVolume":{"box":[2.46745421434753,0.128612768137828,1.21670461446047,24.8481943246443,0,0,0,22.5258833270054,0,0,0,6.72138665709645]},"children":[{"boundingVolume":{"box":[2.46745421434753,0.128612768137828,1.21670461446047,24.8481943246443,0,0,0,22.5258833270054,0,0,0,6.72138665709645]},"children":[{"boundingVolume":{"box":[2.46745421434753,0.128612768137828,1.21670461446047,24.8481943246443,0,0,0,22.5258833270054,0,0,0,6.72138665709645]},"content":{"uri":"1/13/0/0/0/0/0.b3dm"},"geometricError":0,"refine":"REPLACE","transform":[1.0,2.77555756156289e-17,0.0,0.0,2.77555756156289e-17,1.0,0.0,0.0,0.0,0.0,1.0,0.0,0.0,0.0,0.0,1.0]}],"content":{"uri":"1/13/0/0/0/0.b3dm"},"geometricError":0.152647470848563,"refine":"REPLACE","transform":[1.0,2.77555756156289e-17,0.0,0.0,2.77555756156289e-17,1.0,0.0,0.0,0.0,0.0,1.0,0.0,0.0,0.0,0.0,1.0]}],"content":{"uri":"1/13/0/0/0.b3dm"},"geometricError":0.610589883394253,"refine":"REPLACE","transform":[1.0,2.77555756156289e-17,0.0,0.0,2.77555756156289e-17,1.0,0.0,0.0,0.0,0.0,1.0,0.0,0.0,0.0,0.0,1.0]}],"content":{"uri":"1/13/0/0.b3dm"},"geometricError":2.44235953357701,"refine":"REPLACE","transform":[1.0,2.77555756156289e-17,0.0,0.0,2.77555756156289e-17,1.0,0.0,0.0,0.0,0.0,1.0,0.0,0.0,0.0,0.0,1.0]}],"content":{"uri":"1/13/0.b3dm"},"geometricError":9.76943813430805,"refine":"REPLACE","transform":[1.0,2.77555756156289e-17,0.0,0.0,2.77555756156289e-17,1.0,0.0,0.0,0.0,0.0,1.0,0.0,0.0,0.0,0.0,1.0]}],"content":{"uri":"1/13.b3dm"},"geometricError":39.0777525372322,"refine":"REPLACE","transform":[0.997759274806756,0.0213127829912862,-0.0634207759197406,0.0,-0.0253794671652531,0.997625617789569,-0.0640235064362248,0.0,0.0619056716586087,0.0654896328524432,0.99593112001049,0.0,395033.921769391,415388.44232013,49.5430310992524,1.0]},{"boundingVolume":{"box":[0.40480408933945,0.332606356823817,0.810769446659833,38.1322051708121,0,0,0,12.9018065764103,0,0,0,6.8342553419061]},"children":[{"boundingVolume":{"box":[0.40480408933945,0.332606356823817,0.810769446659833,38.1322051708121,0,0,0,12.9018065764103,0,0,0,6.8342553419061]},"children":[{"boundingVolume":{"box":[0.40480408933945,0.332606356823817,0.810769446659833,38.1322051708121,0,0,0,12.9018065764103,0,0,0,6.8342553419061]},"children":[{"boundingVolume":{"box":[0.40480408933945,0.332606356823817,0.810769446659833,38.1322051708121,0,0,0,12.9018065764103,0,0,0,6.8342553419061]},"children":[{"boundingVolume":{"box":[0.40480408933945,0.332606356823817,0.810769446659833,38.1322051708121,0,0,0,12.9018065764103,0,0,0,6.8342553419061]},"children":[{"boundingVolume":{"box":[0.40480408933945,0.332606356823817,0.810769446659833,38.1322051708121,0,0,0,12.9018065764103,0,0,0,6.8342553419061]},"children":[{"boundingVolume":{"box":[0.40480408933945,0.332606356823817,0.810769446659833,38.1322051708121,0,0,0,12.9018065764103,0,0,0,6.8342553419061]},"content":{"uri":"1/14/0/0/0/0/0/0.b3dm"},"geometricError":0,"refine":"REPLACE","transform":[1.0,-2.77555756156289e-17,-5.55111512312578e-17,0.0,0.0,1.0,0.0,0.0,0.0,-5.55111512312578e-17,1.0,0.0,0.0,0.0,0.0,1.0]}],"content":{"uri":"1/14/0/0/0/0/0.b3dm"},"geometricError":0.0442821006883809,"refine":"REPLACE","transform":[1.0,-2.77555756156289e-17,-5.55111512312578e-17,0.0,0.0,1.0,0.0,0.0,0.0,-5.55111512312578e-17,1.0,0.0,0.0,0.0,0.0,1.0]}],"content":{"uri":"1/14/0/0/0/0.b3dm"},"geometricError":0.177128402753523,"refine":"REPLACE","transform":[1.0,-2.77555756156289e-17,-5.55111512312578e-17,0.0,0.0,1.0,0.0,0.0,0.0,-5.55111512312578e-17,1.0,0.0,0.0,0.0,0.0,1.0]}],"content":{"uri":"1/14/0/0/0.b3dm"},"geometricError":0.708513611014094,"refine":"REPLACE","transform":[1.0,-2.77555756156289e-17,-5.55111512312578e-17,0.0,0.0,1.0,0.0,0.0,0.0,-5.55111512312578e-17,1.0,0.0,0.0,0.0,0.0,1.0]}],"content":{"uri":"1/14/0/0.b3dm"},"geometricError":2.83405444405638,"refine":"REPLACE","transform":[1.0,-2.77555756156289e-17,-5.55111512312578e-17,0.0,0.0,1.0,0.0,0.0,0.0,-5.55111512312578e-17,1.0,0.0,0.0,0.0,0.0,1.0]}],"content":{"uri":"1/14/0.b3dm"},"geometricError":11.3362177762255,"refine":"REPLACE","transform":[1.0,-2.77555756156289e-17,-5.55111512312578e-17,0.0,0.0,1.0,0.0,0.0,0.0,-5.55111512312578e-17,1.0,0.0,0.0,0.0,0.0,1.0]}],"content":{"uri":"1/14.b3dm"},"geometricError":45.344871104902,"refine":"REPLACE","transform":[0.997758172006974,0.0213180211330693,-0.0634363631387538,0.0,-0.0253860300401726,0.99762514052705,-0.0640283411247216,0.0,0.0619207531616121,0.0654951980175208,0.995929816485351,0.0,395130.157019182,415423.754834393,41.1075395662338,1.0]},{"boundingVolume":{"box":[-0.960497616790235,-0.560571600683033,2.77095737215132,15.0294946064241,0,0,0,15.2810772792436,0,0,0,29.6500148978084]},"children":[{"boundingVolume":{"box":[-0.960497616790235,-0.560571600683033,2.77095737215132,15.0294946064241,0,0,0,15.2810772792436,0,0,0,29.6500148978084]},"children":[{"boundingVolume":{"box":[-0.960497616790235,-0.560571600683033,2.77095737215132,15.0294946064241,0,0,0,15.2810772792436,0,0,0,29.6500148978084]},"children":[{"boundingVolume":{"box":[-0.960497616790235,-0.560571600683033,2.77095737215132,15.0294946064241,0,0,0,15.2810772792436,0,0,0,29.6500148978084]},"children":[{"boundingVolume":{"box":[-0.960497616790235,-0.560571600683033,2.77095737215132,15.0294946064241,0,0,0,15.2810772792436,0,0,0,29.6500148978084]},"content":{"uri":"1/15/0/0/0/0.b3dm"},"geometricError":0,"refine":"REPLACE","transform":[1.0,0.0,0.0,0.0,-2.56809838924613e-17,1.0,0.0,0.0,-1.0528962155409e-17,5.55111512312578e-17,1.0,0.0,0.0,0.0,0.0,1.0]}],"content":{"uri":"1/15/0/0/0.b3dm"},"geometricError":0.743159968571941,"refine":"REPLACE","transform":[1.0,0.0,0.0,0.0,-2.56809838924613e-17,1.0,0.0,0.0,-1.0528962155409e-17,5.55111512312578e-17,1.0,0.0,0.0,0.0,0.0,1.0]}],"content":{"uri":"1/15/0/0.b3dm"},"geometricError":2.97263987428776,"refine":"REPLACE","transform":[1.0,0.0,0.0,0.0,-2.56809838924613e-17,1.0,0.0,0.0,-1.0528962155409e-17,5.55111512312578e-17,1.0,0.0,0.0,0.0,0.0,1.0]}],"content":{"uri":"1/15/0.b3dm"},"geometricError":11.890559497151,"refine":"REPLACE","transform":[1.0,0.0,0.0,0.0,-2.56809838924613e-17,1.0,0.0,0.0,-1.0528962155409e-17,5.55111512312578e-17,1.0,0.0,0.0,0.0,0.0,1.0]}],"content":{"uri":"1/15.b3dm"},"geometricError":47.5622379886042,"refine":"REPLACE","transform":[0.997759210103866,0.021313090356505,-0.0634216905511464,0.0,-0.025380926167679,0.997624453561527,-0.0640410668472593,0.0,0.0619061163357932,0.0655072655170383,0.995929932738593,0.0,395038.200688102,415501.767934441,64.9134738044813,1.0]},{"boundingVolume":{"box":[2.47567559615709,-0.330640408676118,3.24587922589853,36.1246647110675,0,0,0,39.1724559101276,0,0,0,6.58609447674826]},"children":[{"boundingVolume":{"box":[2.47567559615709,-0.330640408676118,3.24587922589853,36.1246647110675,0,0,0,39.1724559101276,0,0,0,6.58609447674826]},"children":[{"boundingVolume":{"box":[2.47567559615709,-0.330640408676118,3.24587922589853,36.1246647110675,0,0,0,39.1724559101276,0,0,0,6.58609447674826]},"children":[{"boundingVolume":{"box":[2.47567559615709,-0.330640408676118,3.24587922589853,36.1246647110675,0,0,0,39.1724559101276,0,0,0,6.58609447674826]},"children":[{"boundingVolume":{"box":[2.47567559615709,-0.330640408676118,3.24587922589853,36.1246647110675,0,0,0,39.1724559101276,0,0,0,6.58609447674826]},"children":[{"boundingVolume":{"box":[2.47567559615709,-0.330640408676118,3.24587922589853,36.1246647110675,0,0,0,39.1724559101276,0,0,0,6.58609447674826]},"content":{"uri":"1/17/0/0/0/0/0.b3dm"},"geometricError":0,"refine":"REPLACE","transform":[1.0,0.0,0.0,0.0,-2.77555756156289e-17,1.0,0.0,0.0,0.0,-5.55111512312578e-17,1.0,0.0,0.0,0.0,0.0,1.0]}],"content":{"uri":"1/17/0/0/0/0.b3dm"},"geometricError":0.224914074158844,"refine":"REPLACE","transform":[1.0,0.0,0.0,0.0,-2.77555756156289e-17,1.0,0.0,0.0,0.0,-5.55111512312578e-17,1.0,0.0,0.0,0.0,0.0,1.0]}],"content":{"uri":"1/17/0/0/0.b3dm"},"geometricError":0.899656296635375,"refine":"REPLACE","transform":[1.0,0.0,0.0,0.0,-2.77555756156289e-17,1.0,0.0,0.0,0.0,-5.55111512312578e-17,1.0,0.0,0.0,0.0,0.0,1.0]}],"content":{"uri":"1/17/0/0.b3dm"},"geometricError":3.5986251865415,"refine":"REPLACE","transform":[1.0,0.0,0.0,0.0,-2.77555756156289e-17,1.0,0.0,0.0,0.0,-5.55111512312578e-17,1.0,0.0,0.0,0.0,0.0,1.0]}],"content":{"uri":"1/17/0.b3dm"},"geometricError":14.394500746166,"refine":"REPLACE","transform":[1.0,0.0,0.0,0.0,-2.77555756156289e-17,1.0,0.0,0.0,0.0,-5.55111512312578e-17,1.0,0.0,0.0,0.0,0.0,1.0]}],"content":{"uri":"1/17.b3dm"},"geometricError":57.578002984664,"refine":"REPLACE","transform":[0.997756245114877,0.0213271704941656,-0.0634635890331917,0.0,-0.0253968011556989,0.997625038971049,-0.0640256519613148,0.0,0.0619473794871015,0.0654937662432563,0.995928254824591,0.0,395299.951253921,415414.57706574,29.3314317744225,1.0]},{"boundingVolume":{"box":[-0.0466608570422977,-0.278101393720135,-0.115454765968025,56.1040655940305,0,0,0,24.2189563757274,0,0,0,1.90429053362459]},"children":[{"boundingVolume":{"box":[-0.0466608570422977,-0.278101393720135,-0.115454765968025,56.1040655940305,0,0,0,24.2189563757274,0,0,0,1.90429053362459]},"children":[{"boundingVolume":{"box":[-0.0466608570422977,-0.278101393720135,-0.115454765968025,56.1040655940305,0,0,0,24.2189563757274,0,0,0,1.90429053362459]},"children":[{"boundingVolume":{"box":[-0.0466608570422977,-0.278101393720135,-0.115454765968025,56.1040655940305,0,0,0,24.2189563757274,0,0,0,1.90429053362459]},"children":[{"boundingVolume":{"box":[-0.0466608570422977,-0.278101393720135,-0.115454765968025,56.1040655940305,0,0,0,24.2189563757274,0,0,0,1.90429053362459]},"content":{"uri":"1/22/0/0/0/0.b3dm"},"geometricError":0,"refine":"REPLACE","transform":[1.0,0.0,-5.55111512312578e-17,0.0,-2.07427564186452e-18,1.0,0.0,0.0,1.05281911747661e-17,0.0,1.0,0.0,0.0,0.0,0.0,1.0]}],"content":{"uri":"1/22/0/0/0.b3dm"},"geometricError":0.950697343888445,"refine":"REPLACE","transform":[1.0,0.0,-5.55111512312578e-17,0.0,-2.07427564186452e-18,1.0,0.0,0.0,1.05281911747661e-17,0.0,1.0,0.0,0.0,0.0,0.0,1.0]}],"content":{"uri":"1/22/0/0.b3dm"},"geometricError":3.80278937555378,"refine":"REPLACE","transform":[1.0,0.0,-5.55111512312578e-17,0.0,-2.07427564186452e-18,1.0,0.0,0.0,1.05281911747661e-17,0.0,1.0,0.0,0.0,0.0,0.0,1.0]}],"content":{"uri":"1/22/0.b3dm"},"geometricError":15.2111575022151,"refine":"REPLACE","transform":[1.0,0.0,-5.55111512312578e-17,0.0,-2.07427564186452e-18,1.0,0.0,0.0,1.05281911747661e-17,0.0,1.0,0.0,0.0,0.0,0.0,1.0]}],"content":{"uri":"1/22.b3dm"},"geometricError":60.8446300088605,"refine":"REPLACE","transform":[0.997755808131862,0.0213292448493888,-0.0634697617239115,0.0,-0.0253983040010637,0.997626008660489,-0.0640099445243602,0.0,0.0619538012797023,0.0654783182305177,0.995928871129208,0.0,395351.572600379,415327.4193046,204.403173995204,1.0]},{"boundingVolume":{"box":[2.54609292303212,1.79231438646093,-3.20196543587372,35.3119248121511,0,0,0,24.5270812618546,0,0,0,8.4712555562146]},"children":[{"boundingVolume":{"box":[2.54609292303212,1.79231438646093,-3.20196543587372,35.3119248121511,0,0,0,24.5270812618546,0,0,0,8.4712555562146]},"children":[{"boundingVolume":{"box":[2.54609292303212,1.79231438646093,-3.20196543587372,35.3119248121511,0,0,0,24.5270812618546,0,0,0,8.4712555562146]},"children":[{"boundingVolume":{"box":[2.54609292303212,1.79231438646093,-3.20196543587372,35.3119248121511,0,0,0,24.5270812618546,0,0,0,8.4712555562146]},"children":[{"boundingVolume":{"box":[2.54609292303212,1.79231438646093,-3.20196543587372,35.3119248121511,0,0,0,24.5270812618546,0,0,0,8.4712555562146]},"children":[{"boundingVolume":{"box":[2.54609292303212,1.79231438646093,-3.20196543587372,35.3119248121511,0,0,0,24.5270812618546,0,0,0,8.4712555562146]},"content":{"uri":"2/0/0/0/0/0/0.b3dm"},"geometricError":0,"refine":"REPLACE","transform":[1.0,0.0,-5.55111512312578e-17,0.0,2.5681022189886e-17,1.0,-5.55111512312578e-17,0.0,1.0528868744432e-17,5.55111512312578e-17,1.0,0.0,0.0,0.0,0.0,1.0]}],"content":{"uri":"2/0/0/0/0/0.b3dm"},"geometricError":0.193692260514841,"refine":"REPLACE","transform":[1.0,0.0,-5.55111512312578e-17,0.0,2.5681022189886e-17,1.0,-5.55111512312578e-17,0.0,1.0528868744432e-17,5.55111512312578e-17,1.0,0.0,0.0,0.0,0.0,1.0]}],"content":{"uri":"2/0/0/0/0.b3dm"},"geometricError":0.774769042059362,"refine":"REPLACE","transform":[1.0,0.0,-5.55111512312578e-17,0.0,2.5681022189886e-17,1.0,-5.55111512312578e-17,0.0,1.0528868744432e-17,5.55111512312578e-17,1.0,0.0,0.0,0.0,0.0,1.0]}],"content":{"uri":"2/0/0/0.b3dm"},"geometricError":3.09907616823745,"refine":"REPLACE","transform":[1.0,0.0,-5.55111512312578e-17,0.0,2.5681022189886e-17,1.0,-5.55111512312578e-17,0.0,1.0528868744432e-17,5.55111512312578e-17,1.0,0.0,0.0,0.0,0.0,1.0]}],"content":{"uri":"2/0/0.b3dm"},"geometricError":12.3963046729498,"refine":"REPLACE","transform":[1.0,0.0,-5.55111512312578e-17,0.0,2.5681022189886e-17,1.0,-5.55111512312578e-17,0.0,1.0528868744432e-17,5.55111512312578e-17,1.0,0.0,0.0,0.0,0.0,1.0]}],"content":{"uri":"2/0.b3dm"},"geometricError":49.5852186917992,"refine":"REPLACE","transform":[0.997754888102394,0.021333611560301,-0.0634827558126884,0.0,-0.0254051386754729,0.997624169563544,-0.0640358901830043,0.0,0.0619658147421562,0.0655049106590032,0.995926375031255,0.0,395418.11481766,415485.822227479,25.6173239592463,1.0]},{"boundingVolume":{"box":[-0.662635415559635,-0.0740900477394462,-0.613150497898459,30.43486877135,0,0,0,26.2386810411699,0,0,0,1.90421581082046]},"children":[{"boundingVolume":{"box":[-0.662635415559635,-0.0740900477394462,-0.613150497898459,30.43486877135,0,0,0,26.2386810411699,0,0,0,1.90421581082046]},"children":[{"boundingVolume":{"box":[-0.662635415559635,-0.0740900477394462,-0.613150497898459,30.43486877135,0,0,0,26.2386810411699,0,0,0,1.90421581082046]},"children":[{"boundingVolume":{"box":[-0.662635415559635,-0.0740900477394462,-0.613150497898459,30.43486877135,0,0,0,26.2386810411699,0,0,0,1.90421581082046]},"children":[{"boundingVolume":{"box":[-0.662635415559635,-0.0740900477394462,-0.613150497898459,30.43486877135,0,0,0,26.2386810411699,0,0,0,1.90421581082046]},"content":{"uri":"2/5/0/0/0/0.b3dm"},"geometricError":0,"refine":"REPLACE","transform":[1.0,0.0,-5.55111512312578e-17,0.0,2.56811148212232e-17,1.0,5.55111512312578e-17,0.0,1.05286428039916e-17,-5.55111512312578e-17,1.0,0.0,0.0,0.0,0.0,1.0]}],"content":{"uri":"2/5/0/0/0.b3dm"},"geometricError":0.635804446603435,"refine":"REPLACE","transform":[1.0,0.0,-5.55111512312578e-17,0.0,2.56811148212232e-17,1.0,5.55111512312578e-17,0.0,1.05286428039916e-17,-5.55111512312578e-17,1.0,0.0,0.0,0.0,0.0,1.0]}],"content":{"uri":"2/5/0/0.b3dm"},"geometricError":2.54321778641374,"refine":"REPLACE","transform":[1.0,0.0,-5.55111512312578e-17,0.0,2.56811148212232e-17,1.0,5.55111512312578e-17,0.0,1.05286428039916e-17,-5.55111512312578e-17,1.0,0.0,0.0,0.0,0.0,1.0]}],"content":{"uri":"2/5/0.b3dm"},"geometricError":10.172871145655,"refine":"REPLACE","transform":[1.0,0.0,-5.55111512312578e-17,0.0,2.56811148212232e-17,1.0,5.55111512312578e-17,0.0,1.05286428039916e-17,-5.55111512312578e-17,1.0,0.0,0.0,0.0,0.0,1.0]}],"content":{"uri":"2/5.b3dm"},"geometricError":40.6914845826198,"refine":"REPLACE","transform":[0.997753232632209,0.0213414666131383,-0.0635061302141467,0.0,-0.0254139474947574,0.997624545792615,-0.0640265328189258,0.0,0.0619888541974247,0.065496621553173,0.995925486429788,0.0,395575.306301482,415443.609184975,183.341106398962,1.0]},{"boundingVolume":{"box":[0.0762944729067385,-0.163648338755593,0.449338625650853,33.0487992619164,0,0,0,56.0463389309589,0,0,0,2.30012600449845]},"children":[{"boundingVolume":{"box":[0.076294472906