{"asset":{"generatetool":"cesiumlab@www.cesiumlab.com","gltfUpAxis":"Z","version":"1.0"},"root":{"boundingVolume":{"box":[0.0,-4.65661287307739e-10,0.0,395799.452270058,0,0,0,487132.90321219,0,0,0,463600.869078354]},"children":[{"boundingVolume":{"box":[394847.440205807,414810.257132364,149.507075699978,952.012064251234,0,0,0,1048.75018838083,0,0,0,1122.45051783323]},"children":[{"boundingVolume":{"box":[394847.440205807,414810.257132364,149.507075699978,952.012064251234,0,0,0,1048.75018838083,0,0,0,1122.45051783323]},"children":[{"boundingVolume":{"box":[394847.440205807,414810.257132364,149.507075699978,952.012064251234,0,0,0,1048.75018838083,0,0,0,1122.45051783323]},"children":[{"boundingVolume":{"box":[394847.440205807,414810.257132364,149.507075699978,952.012064251234,0,0,0,1048.75018838083,0,0,0,1122.45051783323]},"children":[{"boundingVolume":{"box":[394847.440205807,414810.257132364,149.507075699978,952.012064251234,0,0,0,1048.75018838083,0,0,0,1122.45051783323]},"children":[{"boundingVolume":{"box":[394847.440205807,414810.257132364,149.507075699978,952.012064251234,0,0,0,1048.75018838083,0,0,0,1122.45051783323]},"children":[{"boundingVolume":{"box":[394847.440205807,414810.257132364,149.507075699978,952.012064251234,0,0,0,1048.75018838083,0,0,0,1122.45051783323]},"children":[{"boundingVolume":{"box":[394847.440205807,414810.257132364,149.507075699978,952.012064251234,0,0,0,1048.75018838083,0,0,0,1122.45051783323]},"children":[{"boundingVolume":{"box":[394847.440205807,414810.257132364,149.507075699978,952.012064251234,0,0,0,1048.75018838083,0,0,0,1122.45051783323]},"children":[{"boundingVolume":{"box":[394840.715480528,414796.363142525,142.240564269945,945.287338972208,0,0,0,1033.28761965106,0,0,0,1115.1840064032]},"content":{"uri":"lab_b_0_1_1_1_1_1_1_1_1_1_1.json"},"geometricError":1290.06960887142,"refine":"REPLACE","transform":null},{"boundingVolume":{"box":[-24.6499200684484,-21.410356549779,53.3198663941585,187.858520126669,0,0,0,157.309369167546,0,0,0,84.2976121823303]},"children":[{"boundingVolume":{"box":[-24.6499200684484,-21.410356549779,53.3198663941585,187.858520126669,0,0,0,157.309369167546,0,0,0,84.2976121823303]},"children":[{"boundingVolume":{"box":[-24.6499200684484,-21.410356549779,53.3198663941585,187.858520126669,0,0,0,157.309369167546,0,0,0,84.2976121823303]},"children":[{"boundingVolume":{"box":[-24.6499200684484,-21.410356549779,53.3198663941585,187.858520126669,0,0,0,157.309369167546,0,0,0,84.2976121823303]},"children":[{"boundingVolume":{"box":[-24.6499200684484,-21.410356549779,53.3198663941585,187.858520126669,0,0,0,157.309369167546,0,0,0,84.2976121823303]},"children":[{"boundingVolume":{"box":[-24.6499200684484,-21.410356549779,53.3198663941585,187.858520126669,0,0,0,157.309369167546,0,0,0,84.2976121823303]},"children":[{"boundingVolume":{"box":[-24.6499200684484,-21.410356549779,53.3198663941585,187.858520126669,0,0,0,157.309369167546,0,0,0,84.2976121823303]},"children":[{"boundingVolume":{"box":[-24.6499200684484,-21.410356549779,53.3198663941585,187.858520126669,0,0,0,157.309369167546,0,0,0,84.2976121823303]},"content":{"uri":"0/0/0/0/0/0/0/0/0.b3dm"},"geometricError":0,"refine":"REPLACE","transform":[1.0,0.0,0.0,0.0,2.77555756156289e-17,1.0,-5.55111512312578e-17,0.0,-5.55111512312578e-17,0.0,1.0,0.0,0.0,0.0,0.0,1.0]}],"content":{"uri":"0/0/0/0/0/0/0/0.b3dm"},"geometricError":0.0700195042810863,"refine":"REPLACE","transform":[1.0,0.0,0.0,0.0,2.77555756156289e-17,1.0,-5.55111512312578e-17,0.0,-5.55111512312578e-17,0.0,1.0,0.0,0.0,0.0,0.0,1.0]}],"content":{"uri":"0/0/0/0/0/0/0.b3dm"},"geometricError":0.280078017124345,"refine":"REPLACE","transform":[1.0,0.0,0.0,0.0,2.77555756156289e-17,1.0,-5.55111512312578e-17,0.0,-5.55111512312578e-17,0.0,1.0,0.0,0.0,0.0,0.0,1.0]}],"content":{"uri":"0/0/0/0/0/0.b3dm"},"geometricError":1.12031206849738,"refine":"REPLACE","transform":[1.0,0.0,0.0,0.0,2.77555756156289e-17,1.0,-5.55111512312578e-17,0.0,-5.55111512312578e-17,0.0,1.0,0.0,0.0,0.0,0.0,1.0]}],"content":{"uri":"0/0/0/0/0.b3dm"},"geometricError":4.48124827398952,"refine":"REPLACE","transform":[1.0,0.0,0.0,0.0,2.77555756156289e-17,1.0,-5.55111512312578e-17,0.0,-5.55111512312578e-17,0.0,1.0,0.0,0.0,0.0,0.0,1.0]}],"content":{"uri":"0/0/0/0.b3dm"},"geometricError":17.9249930959581,"refine":"REPLACE","transform":[1.0,0.0,0.0,0.0,2.77555756156289e-17,1.0,-5.55111512312578e-17,0.0,-5.55111512312578e-17,0.0,1.0,0.0,0.0,0.0,0.0,1.0]}],"content":{"uri":"0/0/0.b3dm"},"geometricError":71.6999723838323,"refine":"REPLACE","transform":[1.0,0.0,0.0,0.0,2.77555756156289e-17,1.0,-5.55111512312578e-17,0.0,-5.55111512312578e-17,0.0,1.0,0.0,0.0,0.0,0.0,1.0]}],"content":{"uri":"0/0.b3dm"},"geometricError":286.799889535329,"refine":"REPLACE","transform":[0.997765243550686,0.0212844098377138,-0.0633363454905665,0.0,-0.0253451418807202,0.997626909146704,-0.0640169815708309,0.0,0.0618234789160748,0.0654791878710645,0.995936912364664,0.0,394510.939015045,415323.654707653,110.880087113008,1.0]},{"boundingVolume":{"box":[22.8558492434677,2.18641462060623,18.7005382510833,101.428192397812,0,0,0,40.5798061878886,0,0,0,84.2978074518032]},"children":[{"boundingVolume":{"box":[22.8558492434677,2.18641462060623,18.7005382510833,101.428192397812,0,0,0,40.5798061878886,0,0,0,84.2978074518032]},"children":[{"boundingVolume":{"box":[22.8558492434677,2.18641462060623,18.7005382510833,101.428192397812,0,0,0,40.5798061878886,0,0,0,84.2978074518032]},"children":[{"boundingVolume":{"box":[22.8558492434677,2.18641462060623,18.7005382510833,101.428192397812,0,0,0,40.5798061878886,0,0,0,84.2978074518032]},"children":[{"boundingVolume":{"box":[22.8558492434677,2.18641462060623,18.7005382510833,101.428192397812,0,0,0,40.5798061878886,0,0,0,84.2978074518032]},"children":[{"boundingVolume":{"box":[22.8558492434677,2.18641462060623,18.7005382510833,101.428192397812,0,0,0,40.5798061878886,0,0,0,84.2978074518032]},"content":{"uri":"1/0/0/0/0/0/0.b3dm"},"geometricError":0,"refine":"REPLACE","transform":[1.0,0.0,5.55111512312578e-17,0.0,0.0,1.0,-5.55111512312578e-17,0.0,0.0,-1.11022302462516e-16,1.0,0.0,0.0,0.0,0.0,1.0]}],"content":{"uri":"1/0/0/0/0/0.b3dm"},"geometricError":0.629664444533202,"refine":"REPLACE","transform":[1.0,0.0,5.55111512312578e-17,0.0,0.0,1.0,-5.55111512312578e-17,0.0,0.0,-1.11022302462516e-16,1.0,0.0,0.0,0.0,0.0,1.0]}],"content":{"uri":"1/0/0/0/0.b3dm"},"geometricError":2.51865777813281,"refine":"REPLACE","transform":[1.0,0.0,5.55111512312578e-17,0.0,0.0,1.0,-5.55111512312578e-17,0.0,0.0,-1.11022302462516e-16,1.0,0.0,0.0,0.0,0.0,1.0]}],"content":{"uri":"1/0/0/0.b3dm"},"geometricError":10.0746311125312,"refine":"REPLACE","transform":[1.0,0.0,5.55111512312578e-17,0.0,0.0,1.0,-5.55111512312578e-17,0.0,0.0,-1.11022302462516e-16,1.0,0.0,0.0,0.0,0.0,1.0]}],"content":{"uri":"1/0/0.b3dm"},"geometricError":40.2985244501249,"refine":"REPLACE","transform":[1.0,0.0,5.55111512312578e-17,0.0,0.0,1.0,-5.55111512312578e-17,0.0,0.0,-1.11022302462516e-16,1.0,0.0,0.0,0.0,0.0,1.0]}],"content":{"uri":"1/0.b3dm"},"geometricError":161.1940978005,"refine":"REPLACE","transform":[0.997762926526031,0.0212954286067997,-0.0633691342110915,0.0,-0.0253592986419741,0.997625532557784,-0.0640328256536058,0.0,0.0618550597978679,0.0654965763170151,0.995933808075693,0.0,394714.62361443,415436.189553834,125.596712274477,1.0]},{"boundingVolume":{"box":[25.6432855119929,-5.04209401737899,7.53292831871659,88.4543733168393,0,0,0,91.941483290866,0,0,0,83.0502298241481]},"children":[{"boundingVolume":{"box":[25.6432855119929,-5.04209401737899,7.53292831871659,88.4543733168393,0,0,0,91.941483290866,0,0,0,83.0502298241481]},"children":[{"boundingVolume":{"box":[25.6432855119929,-5.04209401737899,7.53292831871659,88.4543733168393,0,0,0,91.941483290866,0,0,0,83.0502298241481]},"children":[{"boundingVolume":{"box":[25.6432855119929,-5.04209401737899,7.53292831871659,88.4543733168393,0,0,0,91.941483290866,0,0,0,83.0502298241481]},"children":[{"boundingVolume":{"box":[25.6432855119929,-5.04209401737899,7.53292831871659,88.4543733168393,0,0,0,91.941483290866,0,0,0,83.0502298241481]},"children":[{"boundingVolume":{"box":[25.6432855119929,-5.04209401737899,7.53292831871659,88.4543733168393,0,0,0,91.941483290866,0,0,0,83.0502298241481]},"content":{"uri":"1/8/0/0/0/0/0.b3dm"},"geometricError":0,"refine":"REPLACE","transform":[1.0,0.0,-5.55111512312578e-17,0.0,2.98297943241743e-17,1.0,-5.55111512312578e-17,0.0,-6.60392035281401e-17,0.0,1.0,0.0,0.0,0.0,0.0,1.0]}],"content":{"uri":"1/8/0/0/0/0.b3dm"},"geometricError":0.661791605053765,"refine":"REPLACE","transform":[1.0,0.0,-5.55111512312578e-17,0.0,2.98297943241743e-17,1.0,-5.55111512312578e-17,0.0,-6.60392035281401e-17,0.0,1.0,0.0,0.0,0.0,0.0,1.0]}],"content":{"uri":"1/8/0/0/0.b3dm"},"geometricError":2.64716642021506,"refine":"REPLACE","transform":[1.0,0.0,-5.55111512312578e-17,0.0,2.98297943241743e-17,1.0,-5.55111512312578e-17,0.0,-6.60392035281401e-17,0.0,1.0,0.0,0.0,0.0,0.0,1.0]}],"content":{"uri":"1/8/0/0.b3dm"},"geometricError":10.5886656808602,"refine":"REPLACE","transform":[1.0,0.0,-5.55111512312578e-17,0.0,2.98297943241743e-17,1.0,-5.55111512312578e-17,0.0,-6.60392035281401e-17,0.0,1.0,0.0,0.0,0.0,0.0,1.0]}],"content":{"uri":"1/8/0.b3dm"},"geometricError":42.354662723441,"refine":"REPLACE","transform":[1.0,0.0,-5.55111512312578e-17,0.0,2.98297943241743e-17,1.0,-5.55111512312578e-17,0.0,-6.60392035281401e-17,0.0,1.0,0.0,0.0,0.0,0.0,1.0]}],"content":{"uri":"1/8.b3dm"},"geometricError":169.418650893764,"refine":"REPLACE","transform":[0.99776127281284,0.0213032894517938,-0.0633925258483595,0.0,-0.0253670623734265,0.997627023028768,-0.0640065236464233,0.0,0.0618785473443305,0.0654713126589849,0.995934010161951,0.0,394865.094726271,415276.543874234,136.70664846804,1.0]},{"boundingVolume":{"box":[-1.11675766040571,5.1627424841281,-14.6247946494259,226.725422662916,0,0,0,98.2632795425598,0,0,0,10.3832950894721]},"children":[{"boundingVolume":{"box":[-1.11675766040571,5.1627424841281,-14.6247946494259,226.725422662916,0,0,0,98.2632795425598,0,0,0,10.3832950894721]},"children":[{"boundingVolume":{"box":[-1.11675766040571,5.1627424841281,-14.6247946494259,226.725422662916,0,0,0,98.2632795425598,0,0,0,10.3832950894721]},"children":[{"boundingVolume":{"box":[-1.11675766040571,5.1627424841281,-14.6247946494259,226.725422662916,0,0,0,98.2632795425598,0,0,0,10.3832950894721]},"children":[{"boundingVolume":{"box":[-1.11675766040571,5.1627424841281,-14.6247946494259,226.725422662916,0,0,0,98.2632795425598,0,0,0,10.3832950894721]},"children":[{"boundingVolume":{"box":[-1.11675766040571,5.1627424841281,-14.6247946494259,226.725422662916,0,0,0,98.2632795425598,0,0,0,10.3832950894721]},"children":[{"boundingVolume":{"box":[-1.11675766040571,5.1627424841281,-14.6247946494259,226.725422662916,0,0,0,98.2632795425598,0,0,0,10.3832950894721]},"children":[{"boundingVolume":{"box":[-1.11675766040571,5.1627424841281,-14.6247946494259,226.725422662916,0,0,0,98.2632795425598,0,0,0,10.3832950894721]},"content":{"uri":"1/18/0/0/0/0/0/0/0.b3dm"},"geometricError":0,"refine":"REPLACE","transform":[1.0,0.0,-5.55111512312578e-17,0.0,0.0,1.0,0.0,0.0,1.11022302462516e-16,0.0,1.0,0.0,0.0,0.0,0.0,1.0]}],"content":{"uri":"1/18/0/0/0/0/0/0.b3dm"},"geometricError":0.0605989927123239,"refine":"REPLACE","transform":[1.0,0.0,-5.55111512312578e-17,0.0,0.0,1.0,0.0,0.0,1.11022302462516e-16,0.0,1.0,0.0,0.0,0.0,0.0,1.0]}],"content":{"uri":"1/18/0/0/0/0/0.b3dm"},"geometricError":0.242395970849295,"refine":"REPLACE","transform":[1.0,0.0,-5.55111512312578e-17,0.0,0.0,1.0,0.0,0.0,1.11022302462516e-16,0.0,1.0,0.0,0.0,0.0,0.0,1.0]}],"content":{"uri":"1/18/0/0/0/0.b3dm"},"geometricError":0.969583883397182,"refine":"REPLACE","transform":[1.0,0.0,-5.55111512312578e-17,0.0,0.0,1.0,0.0,0.0,1.11022302462516e-16,0.0,1.0,0.0,0.0,0.0,0.0,1.0]}],"content":{"uri":"1/18/0/0/0.b3dm"},"geometricError":3.87833553358873,"refine":"REPLACE","transform":[1.0,0.0,-5.55111512312578e-17,0.0,0.0,1.0,0.0,0.0,1.11022302462516e-16,0.0,1.0,0.0,0.0,0.0,0.0,1.0]}],"content":{"uri":"1/18/0/0.b3dm"},"geometricError":15.5133421343549,"refine":"REPLACE","transform":[1.0,0.0,-5.55111512312578e-17,0.0,0.0,1.0,0.0,0.0,1.11022302462516e-16,0.0,1.0,0.0,0.0,0.0,0.0,1.0]}],"content":{"uri":"1/18/0.b3dm"},"geometricError":62.0533685374196,"refine":"REPLACE","transform":[1.0,0.0,-5.55111512312578e-17,0.0,0.0,1.0,0.0,0.0,1.11022302462516e-16,0.0,1.0,0.0,0.0,0.0,0.0,1.0]}],"content":{"uri":"1/18.b3dm"},"geometricError":248.213474149678,"refine":"REPLACE","transform":[0.997757650361907,0.0213204984224242,-0.0634437348467625,0.0,-0.0253876364318452,0.99762649827906,-0.0640065453517377,0.0,0.0619284995837243,0.0654737067721006,0.995930747924186,0.0,395180.495935204,415288.351234892,61.9031913038343,1.0]},{"boundingVolume":{"box":[-0.316457728855312,-0.302540475968271,1.73480183584616,88.2514056721702,0,0,0,49.8569187480025,0,0,0,84.9895296706818]},"children":[{"boundingVolume":{"box":[-0.316457728855312,-0.302540475968271,1.73480183584616,88.2514056721702,0,0,0,49.8569187480025,0,0,0,84.9895296706818]},"children":[{"boundingVolume":{"box":[-0.316457728855312,-0.302540475968271,1.73480183584616,88.2514056721702,0,0,0,49.8569187480025,0,0,0,84.9895296706818]},"children":[{"boundingVolume":{"box":[-0.316457728855312,-0.302540475968271,1.73480183584616,88.2514056721702,0,0,0,49.8569187480025,0,0,0,84.9895296706818]},"children":[{"boundingVolume":{"box":[-0.316457728855312,-0.302540475968271,1.73480183584616,88.2514056721702,0,0,0,49.8569187480025,0,0,0,84.9895296706818]},"children":[{"boundingVolume":{"box":[-0.316457728855312,-0.302540475968271,1.73480183584616,88.2514056721702,0,0,0,49.8569187480025,0,0,0,84.9895296706818]},"content":{"uri":"2/2/0/0/0/0/0.b3dm"},"geometricError":0,"refine":"REPLACE","transform":[1.0,2.77555756156289e-17,-5.55111512312578e-17,0.0,-2.56812284824677e-17,1.0,0.0,0.0,-1.05283655610063e-17,5.55111512312578e-17,1.0,0.0,0.0,0.0,0.0,1.0]}],"content":{"uri":"2/2/0/0/0/0.b3dm"},"geometricError":0.699392184878752,"refine":"REPLACE","transform":[1.0,2.77555756156289e-17,-5.55111512312578e-17,0.0,-2.56812284824677e-17,1.0,0.0,0.0,-1.05283655610063e-17,5.55111512312578e-17,1.0,0.0,0.0,0.0,0.0,1.0]}],"content":{"uri":"2/2/0/0/0.b3dm"},"geometricError":2.79756873951501,"refine":"REPLACE","transform":[1.0,2.77555756156289e-17,-5.55111512312578e-17,0.0,-2.56812284824677e-17,1.0,0.0,0.0,-1.05283655610063e-17,5.55111512312578e-17,1.0,0.0,0.0,0.0,0.0,1.0]}],"content":{"uri":"2/2/0/0.b3dm"},"geometricError":11.19027495806,"refine":"REPLACE","transform":[1.0,2.77555756156289e-17,-5.55111512312578e-17,0.0,-2.56812284824677e-17,1.0,0.0,0.0,-1.05283655610063e-17,5.55111512312578e-17,1.0,0.0,0.0,0.0,0.0,1.0]}],"content":{"uri":"2/2/0.b3dm"},"geometricError":44.7610998322401,"refine":"REPLACE","transform":[1.0,2.77555756156289e-17,-5.55111512312578e-17,0.0,-2.56812284824677e-17,1.0,0.0,0.0,-1.05283655610063e-17,5.55111512312578e-17,1.0,0.0,0.0,0.0,0.0,1.0]}],"content":{"uri":"2/2.b3dm"},"geometricError":179.04439932896,"refine":"REPLACE","transform":[0.997754583741412,0.0213350559429499,-0.0634870538843367,0.0,-0.0254056445040627,0.997625416066466,-0.0640162670384884,0.0,0.0619705079076707,0.0654854533932618,0.995927362584011,0.0,395452.921909136,415367.340831242,110.190098259598,1.0]},{"boundingVolume":{"box":[-0.714432625100017,0.514931980054826,0.462978733703494,51.4306842088699,0,0,0,64.2443512547761,0,0,0,88.6221281727776]},"children":[{"boundingVolume":{"box":[-0.714432625100017,0.514931980054826,0.462978733703494,51.4306842088699,0,0,0,64.2443512547761,0,0,0,88.6221281727776]},"children":[{"boundingVolume":{"box":[-0.714432625100017,0.514931980054826,0.462978733703494,51.4306842088699,0,0,0,64.2443512547761,0,0,0,88.6221281727776]},"children":[{"boundingVolume":{"box":[-0.714432625100017,0.514931980054826,0.462978733703494,51.4306842088699,0,0,0,64.2443512547761,0,0,0,88.6221281727776]},"children":[{"boundingVolume":{"box":[-0.714432625100017,0.514931980054826,0.462978733703494,51.4306842088699,0,0,0,64.2443512547761,0,0,0,88.6221281727776]},"children":[{"boundingVolume":{"box":[-0.714432625100017,0.514931980054826,0.462978733703494,51.4306842088699,0,0,0,64.2443512547761,0,0,0,88.6221281727776]},"content":{"uri":"2/6/0/0/0/0/0.b3dm"},"geometricError":0,"refine":"REPLACE","transform":[1.0,-2.77555756156289e-17,0.0,0.0,2.360619913993e-17,1.0,0.0,0.0,2.10583951187836e-17,0.0,1.0,0.0,0.0,0.0,0.0,1.0]}],"content":{"uri":"2/6/0/0/0/0.b3dm"},"geometricError":0.636874777771657,"refine":"REPLACE","transform":[1.0,-2.77555756156289e-17,0.0,0.0,2.360619913993e-17,1.0,0.0,0.0,2.10583951187836e-17,0.0,1.0,0.0,0.0,0.0,0.0,1.0]}],"content":{"uri":"2/6/0/0/0.b3dm"},"geometricError":2.54749911108663,"refine":"REPLACE","transform":[1.0,-2.77555756156289e-17,0.0,0.0,2.360619913993e-17,1.0,0.0,0.0,2.10583951187836e-17,0.0,1.0,0.0,0.0,0.0,0.0,1.0]}],"content":{"uri":"2/6/0/0.b3dm"},"geometricError":10.1899964443465,"refine":"REPLACE","transform":[1.0,-2.77555756156289e-17,0.0,0.0,2.360619913993e-17,1.0,0.0,0.0,2.10583951187836e-17,0.0,1.0,0.0,0.0,0.0,0.0,1.0]}],"content":{"uri":"2/6/0.b3dm"},"geometricError":40.7599857773861,"refine":"REPLACE","transform":[1.0,-2.77555756156289e-17,0.0,0.0,2.360619913993e-17,1.0,0.0,0.0,2.10583951187836e-17,0.0,1.0,0.0,0.0,0.0,0.0,1.0]}],"content":{"uri":"2/6.b3dm"},"geometricError":163.039943109544,"refine":"REPLACE","transform":[0.997751823815508,0.0213481490313607,-0.0635260151887583,0.0,-0.0254232445671353,0.997622960471294,-0.0640475399697104,0.0,0.0620077149111881,0.0655185872361945,0.995922867504339,0.0,395690.549295941,415577.76581828,84.275617396459,1.0]},{"boundingVolume":{"box":[5.03510061115958,-1.57965754950419,59.8745749308728,178.399886837928,0,0,0,138.91539345216,0,0,0,58.2901212940924]},"children":[{"boundingVolume":{"box":[5.03510061115958,-1.57965754950419,59.8745749308728,178.399886837928,0,0,0,138.91539345216,0,0,0,58.2901212940924]},"children":[{"boundingVolume":{"box":[5.03510061115958,-1.57965754950419,59.8745749308728,178.399886837928,0,0,0,138.91539345216,0,0,0,58.2901212940924]},"children":[{"boundingVolume":{"box":[5.03510061115958,-1.57965754950419,59.8745749308728,178.399886837928,0,0,0,138.91539345216,0,0,0,58.2901212940924]},"children":[{"boundingVolume":{"box":[5.03510061115958,-1.57965754950419,59.8745749308728,178.399886837928,0,0,0,138.91539345216,0,0,0,58.2901212940924]},"children":[{"boundingVolume":{"box":[5.03510061115958,-1.57965754950419,59.8745749308728,178.399886837928,0,0,0,138.91539345216,0,0,0,58.2901212940924]},"children":[{"boundingVolume":{"box":[5.03510061115958,-1.57965754950419,59.8745749308728,178.399886837928,0,0,0,138.91539345216,0,0,0,58.2901212940924]},"children":[{"boundingVolume":{"box":[5.03510061115958,-1.57965754950419,59.8745749308728,178.399886837928,0,0,0,138.91539345216,0,0,0,58.2901212940924]},"content":{"uri":"3/2/0/0/0/0/0/0/0.b3dm"},"geometricError":0,"refine":"REPLACE","transform":[1.0,0.0,0.0,0.0,2.56818437143585e-17,1.0,0.0,0.0,1.05268647367656e-17,5.55111512312578e-17,1.0,0.0,0.0,0.0,0.0,1.0]}],"content":{"uri":"3/2/0/0/0/0/0/0.b3dm"},"geometricError":0.0563843416512764,"refine":"REPLACE","transform":[1.0,0.0,0.0,0.0,2.56818437143585e-17,1.0,0.0,0.0,1.05268647367656e-17,5.55111512312578e-17,1.0,0.0,0.0,0.0,0.0,1.0]}],"content":{"uri":"3/2/0/0/0/0/0.b3dm"},"geometricError":0.225537366605106,"refine":"REPLACE","transform":[1.0,0.0,0.0,0.0,2.56818437143585e-17,1.0,0.0,0.0,1.05268647367656e-17,5.55111512312578e-17,1.0,0.0,0.0,0.0,0.0,1.0]}],"content":{"uri":"3/2/0/0/0/0.b3dm"},"geometricError":0.902149466420422,"refine":"REPLACE","transform":[1.0,0.0,0.0,0.0,2.56818437143585e-17,1.0,0.0,0.0,1.05268647367656e-17,5.55111512312578e-17,1.0,0.0,0.0,0.0,0.0,1.0]}],"content":{"uri":"3/2/0/0/0.b3dm"},"geometricError":3.60859786568169,"refine":"REPLACE","transform":[1.0,0.0,0.0,0.0,2.56818437143585e-17,1.0,0.0,0.0,1.05268647367656e-17,5.55111512312578e-17,1.0,0.0,0.0,0.0,0.0,1.0]}],"content":{"uri":"3/2/0/0.b3dm"},"geometricError":14.4343914627268,"refine":"REPLACE","transform":[1.0,0.0,0.0,0.0,2.56818437143585e-17,1.0,0.0,0.0,1.05268647367656e-17,5.55111512312578e-17,1.0,0.0,0.0,0.0,0.0,1.0]}],"content":{"uri":"3/2/0.b3dm"},"geometricError":57.737565850907,"refine":"REPLACE","transform":[1.0,0.0,0.0,0.0,2.56818437143585e-17,1.0,0.0,0.0,1.05268647367656e-17,5.55111512312578e-17,1.0,0.0,0.0,0.0,0.0,1.0]}],"content":{"uri":"3/2.b3dm"},"geometricError":230.950263403628,"refine":"REPLACE","transform":[0.997765125295776,0.0212849723457759,-0.0633380193544524,0.0,-0.0253423921986119,0.997630514905187,-0.0639618549423247,0.0,0.0618265145480252,0.0654240451382426,0.995940347820386,0.0,394528.304041524,414971.802803754,101.209807790816,1.0]},{"boundingVolume":{"box":[-6.15837830817327,-9.43509446433745,18.1515223807655,77.2777944956906,0,0,0,121.504245919874,0,0,0,52.1674473476596]},"children":[{"boundingVolume":{"box":[-6.15837830817327,-9.43509446433745,18.1515223807655,77.2777944956906,0,0,0,121.504245919874,0,0,0,52.1674473476596]},"children":[{"boundingVolume":{"box":[-6.15837830817327,-9.43509446433745,18.1515223807655,77.2777944956906,0,0,0,121.504245919874,0,0,0,52.1674473476596]},"children":[{"boundingVolume":{"box":[-6.15837830817327,-9.43509446433745,18.1515223807655,77.2777944956906,0,0,0,121.504245919874,0,0,0,52.1674473476596]},"children":[{"boundingVolume":{"box":[-6.15837830817327,-9.43509446433745,18.1515223807655,77.2777944956906,0,0,0,121.504245919874,0,0,0,52.1674473476596]},"children":[{"boundingVolume":{"box":[-6.15837830817327,-9.43509446433745,18.1515223807655,77.2777944956906,0,0,0,121.504245919874,0,0,0,52.1674473476596]},"children":[{"boundingVolume":{"box":[-6.15837830817327,-9.43509446433745,18.1515223807655,77.2777944956906,0,0,0,121.504245919874,0,0,0,52.1674473476596]},"content":{"uri":"3/3/0/0/0/0/0/0.b3dm"},"geometricError":0,"refine":"REPLACE","transform":[1.0,0.0,-5.55111512312578e-17,0.0,2.07339866895046e-18,1.0,5.55111512312578e-17,0.0,-6.60372029618163e-17,5.55111512312578e-17,1.0,0.0,0.0,0.0,0.0,1.0]}],"content":{"uri":"3/3/0/0/0/0/0.b3dm"},"geometricError":0.167197702853846,"refine":"REPLACE","transform":[1.0,0.0,-5.55111512312578e-17,0.0,2.07339866895046e-18,1.0,5.55111512312578e-17,0.0,-6.60372029618163e-17,5.55111512312578e-17,1.0,0.0,0.0,0.0,0.0,1.0]}],"content":{"uri":"3/3/0/0/0/0.b3dm"},"geometricError":0.668790811415383,"refine":"REPLACE","transform":[1.0,0.0,-5.55111512312578e-17,0.0,2.07339866895046e-18,1.0,5.55111512312578e-17,0.0,-6.60372029618163e-17,5.55111512312578e-17,1.0,0.0,0.0,0.0,0.0,1.0]}],"content":{"uri":"3/3/0/0/0.b3dm"},"geometricError":2.67516324566153,"refine":"REPLACE","transform":[1.0,0.0,-5.55111512312578e-17,0.0,2.07339866895046e-18,1.0,5.55111512312578e-17,0.0,-6.60372029618163e-17,5.55111512312578e-17,1.0,0.0,0.0,0.0,0.0,1.0]}],"content":{"uri":"3/3/0/0.b3dm"},"geometricError":10.7006529826461,"refine":"REPLACE","transform":[1.0,0.0,-5.55111512312578e-17,0.0,2.07339866895046e-18,1.0,5.55111512312578e-17,0.0,-6.60372029618163e-17,5.55111512312578e-17,1.0,0.0,0.0,0.0,0.0,1.0]}],"content":{"uri":"3/3/0.b3dm"},"geometricError":42.8026119305845,"refine":"REPLACE","transform":[1.0,0.0,-5.55111512312578e-17,0.0,2.07339866895046e-18,1.0,5.55111512312578e-17,0.0,-6.60372029618163e-17,5.55111512312578e-17,1.0,0.0,0.0,0.0,0.0,1.0]}],"content":{"uri":"3/3.b3dm"},"geometricError":171.210447722338,"refine":"REPLACE","transform":[0.997764080761332,0.0212899402779934,-0.0633528025067082,0.0,-0.0253463494470175,0.997632459324547,-0.0639299512886232,0.0,0.0618417473249598,0.0653927713513927,0.995941455981616,0.0,394627.727023272,414775.684564451,144.392739788629,1.0]},{"boundingVolume":{"box":[16.1803204396274,-0.240885682171211,15.0176861071959,102.861950791208,0,0,0,128.121923340717,0,0,0,23.6606777943671]},"children":[{"boundingVolume":{"box":[16.1803204396274,-0.240885682171211,15.0176861071959,102.861950791208,0,0,0,128.121923340717,0,0,0,23.6606777943671]},"children":[{"boundingVolume":{"box":[16.1803204396274,-0.240885682171211,15.0176861071959,102.861950791208,0,0,0,128.121923340717,0,0,0,23.6606777943671]},"children":[{"boundingVolume":{"box":[16.1803204396274,-0.240885682171211,15.0176861071959,102.861950791208,0,0,0,128.121923340717,0,0,0,23.6606777943671]},"children":[{"boundingVolume":{"box":[16.1803204396274,-0.240885682171211,15.0176861071959,102.861950791208,0,0,0,128.121923340717,0,0,0,23.6606777943671]},"children":[{"boundingVolume":{"box":[16.1803204396274,-0.240885682171211,15.0176861071959,102.861950791208,0,0,0,128.121923340717,0,0,0,23.6606777943671]},"children":[{"boundingVolume":{"box":[16.1803204396274,-0.240885682171211,15.0176861071959,102.861950791208,0,0,0,128.121923340717,0,0,0,23.6606777943671]},"content":{"uri":"5/7/0/0/0/0/0/0.b3dm"},"geometricError":0,"refine":"REPLACE","transform":[1.0,2.77555756156289e-17,0.0,0.0,2.56823222915084e-17,1.0,0.0,0.0,6.60368483326371e-17,0.0,1.0,0.0,0.0,0.0,0.0,1.0]}],"content":{"uri":"5/7/0/0/0/0/0.b3dm"},"geometricError":0.167243528887016,"refine":"REPLACE","transform":[1.0,2.77555756156289e-17,0.0,0.0,2.56823222915084e-17,1.0,0.0,0.0,6.60368483326371e-17,0.0,1.0,0.0,0.0,0.0,0.0,1.0]}],"content":{"uri":"5/7/0/0/0/0.b3dm"},"geometricError":0.668974115548063,"refine":"REPLACE","transform":[1.0,2.77555756156289e-17,0.0,0.0,2.56823222915084e-17,1.0,0.0,0.0,6.60368483326371e-17,0.0,1.0,0.0,0.0,0.0,0.0,1.0]}],"content":{"uri":"5/7/0/0/0.b3dm"},"geometricError":2.67589646219225,"refine":"REPLACE","transform":[1.0,2.77555756156289e-17,0.0,0.0,2.56823222915084e-17,1.0,0.0,0.0,6.60368483326371e-17,0.0,1.0,0.0,0.0,0.0,0.0,1.0]}],"content":{"uri":"5/7/0/0.b3dm"},"geometricError":10.703585848769,"refine":"REPLACE","transform":[1.0,2.77555756156289e-17,0.0,0.0,2.56823222915084e-17,1.0,0.0,0.0,6.60368483326371e-17,0.0,1.0,0.0,0.0,0.0,0.0,1.0]}],"content":{"uri":"5/7/0.b3dm"},"geometricError":42.8143433950761,"refine":"REPLACE","transform":[1.0,2.77555756156289e-17,0.0,0.0,2.56823222915084e-17,1.0,0.0,0.0,6.60368483326371e-17,0.0,1.0,0.0,0.0,0.0,0.0,1.0]}],"content":{"uri":"5/7.b3dm"},"geometricError":171.257373580304,"refine":"REPLACE","transform":[0.997762845275546,0.0212958148951,-0.0633702836951236,0.0,-0.0253524891953037,0.99763321294549,-0.0639157548626276,0.0,0.0618591616435984,0.0653793598623536,0.99594125500691,0.0,394737.175362132,414688.912865358,116.309281524271,1.0]}],"geometricError":1303.68140090916,"refine":"REPLACE"}],"geometricError":1303.68140090916,"refine":"REPLACE"}],"geometricError":1303.68140090916,"refine":"REPLACE"}],"geometricError":1303.68140090916,"refine":"REPLACE"}],"geometricError":1303.68140090916,"refine":"REPLACE"}],"geometricError":1303.68140090916,"refine":"REPLACE"}],"geometricError":1303.68140090916,"refine":"REPLACE"}],"geometricError":1303.68140090916,"refine":"REPLACE"}],"geometricError":1303.68140090916,"refine":"REPLACE"},{"boundingVolume":{"box":[-395798.942961222,-415692.598771372,-30.2289205952547,0.509308836539276,0,0,0,0.379894308978692,0,0,0,0.473097742069513]},"children":[{"boundingVolume":{"box":[-395798.942961222,-415692.598771372,-30.2289205952547,0.509308836539276,0,0,0,0.379894308978692,0,0,0,0.473097742069513]},"children":[{"boundingVolume":{"box":[-395798.942961222,-415692.598771372,-30.2289205952547,0.509308836539276,0,0,0,0.379894308978692,0,0,0,0.473097742069513]},"children":[{"boundingVolume":{"box":[-395798.942961222,-415692.598771372,-30.2289205952547,0.509308836539276,0,0,0,0.379894308978692,0,0,0,0.473097742069513]},"children":[{"boundingVolume":{"box":[-395798.942961222,-415692.598771372,-30.2289205952547,0.509308836539276,0,0,0,0.379894308978692,0,0,0,0.473097742069513]},"children":[{"boundingVolume":{"box":[-395798.942961222,-415692.598771372,-30.2289205952547,0.509308836539276,0,0,0,0.379894308978692,0,0,0,0.473097742069513]},"children":[{"boundingVolume":{"box":[-395798.942961222,-415692.598771372,-30.2289205952547,0.509308836539276,0,0,0,0.379894308978692,0,0,0,0.473097742069513]},"children":[{"boundingVolume":{"box":[-395798.942961222,-415692.598771372,-30.2289205952547,0.509308836539276,0,0,0,0.379894308978692,0,0,0,0.473097742069513]},"children":[{"boundingVolume":{"box":[-395798.942961222,-415692.598771372,-30.2289205952547,0.509308836539276,0,0,0,0.379894308978692,0,0,0,0.473097742069513]},"children":[{"boundingVolume":{"box":[-395798.942961222,-415692.598771372,-30.2289205952547,0.509308836539276,0,0,0,0.379894308978692,0,0,0,0.473097742069513]},"children":[{"boundingVolume":{"box":[-395798.942961222,-415692.598771372,-30.2289205952547,0.509308836539276,0,0,0,0.379894308978692,0,0,0,0.473097742069513]},"children":[{"boundingVolume":{"box":[-395798.942961222,-415692.598771372,-30.2289205952547,0.509308836539276,0,0,0,0.379894308978692,0,0,0,0.473097742069513]},"children":[{"boundingVolume":{"box":[-395798.942961222,-415692.598771372,-30.2289205952547,0.509308836539276,0,0,0,0.379894308978692,0,0,0,0.473097742069513]},"children":[{"boundingVolume":{"box":[-395798.942961222,-415692.598771372,-30.2289205952547,0.509308836539276,0,0,0,0.379894308978692,0,0,0,0.473097742069513]},"children":[{"boundingVolume":{"box":[-395798.942961222,-415692.598771372,-30.2289205952547,0.509308836539276,0,0,0,0.379894308978692,0,0,0,0.473097742069513]},"children":[{"boundingVolume":{"box":[-395798.942961222,-415692.598771372,-30.2289205952547,0.509308836539276,0,0,0,0.379894308978692,0,0,0,0.473097742069513]},"children":[{"boundingVolume":{"box":[-0.0121411520522088,3.10521572828293e-05,-0.0288776862435043,0.435136778978631,0,0,0,0.240298853022978,0,0,0,0.147806001361459]},"children":[{"boundingVolume":{"box":[-0.0121411520522088,3.10521572828293e-05,-0.0288776862435043,0.435136778978631,0,0,0,0.240298853022978,0,0,0,0.147806001361459]},"children":[{"boundingVolume":{"box":[-0.0121411520522088,3.10521572828293e-05,-0.0288776862435043,0.435136778978631,0,0,0,0.240298853022978,0,0,0,0.147806001361459]},"children":[{"boundingVolume":{"box":[-0.0121411520522088,3.10521572828293e-05,-0.0288776862435043,0.435136778978631,0,0,0,0.240298853022978,0,0,0,0.147806001361459]},"children":[{"boundingVolume":{"box":[-0.0121411520522088,3.10521572828293e-05,-0.0288776862435043,0.435136778978631,0,0,0,0.240298853022978,0,0,0,0.147806001361459]},"content":{"uri":"5/0/0/0/0/0.b3dm"},"geometricError":0,"refine":"REPLACE","transform":[1.0,0.0,0.0,0.0,4.59177895540724e-19,1.0,0.0,0.0,5.19708260398449e-17,0.0,1.0,0.0,0.0,0.0,0.0,1.0]}],"content":{"uri":"5/0/0/0/0.b3dm"},"geometricError":0.00910998474339885,"refine":"REPLACE","transform":[1.0,0.0,0.0,0.0,4.59177895540724e-19,1.0,0.0,0.0,5.19708260398449e-17,0.0,1.0,0.0,0.0,0.0,0.0,1.0]}],"content":{"uri":"5/0/0/0.b3dm"},"geometricError":0.0364399389735954,"refine":"REPLACE","transform":[1.0,0.0,0.0,0.0,4.59177895540724e-19,1.0,0.0,0.0,5.19708260398449e-17,0.0,1.0,0.0,0.0,0.0,0.0,1.0]}],"content":{"uri":"5/0/0.b3dm"},"geometricError":0.145759755894382,"refine":"REPLACE","transform":[1.0,0.0,0.0,0.0,4.59177895540724e-19,1.0,0.0,0.0,5.19708260398449e-17,0.0,1.0,0.0,0.0,0.0,0.0,1.0]}],"content":{"uri":"5/0.b3dm"},"geometricError":0.583039023577526,"refine":"REPLACE","transform":[0.99793929682433,-0.0204396357116189,0.060822538139562,0.0,0.0163689859976746,0.997639595416975,0.0666880345613989,0.0,-0.0620420514745449,-0.0655550070416495,0.995918332445286,0.0,-395798.942961222,-415692.598771372,-30.2289205947891,1.0]}],"geometricError":0.583039023577526,"refine":"REPLACE"}],"geometricError":0.583039023577526,"refine":"REPLACE"}],"geometricError":0.583039023577526,"refine":"REPLACE"}],"geometricError":0.583039023577526,"refine":"REPLACE"}],"geometricError":0.583039023577526,"refine":"REPLACE"}],"geometricError":0.583039023577526,"refine":"REPLACE"}],"geometricError":0.583039023577526,"refine":"REPLACE"}],"geometricError":0.583039023577526,"refine":"REPLACE"}],"geometricError":0.583039023577526,"refine":"REPLACE"}],"geometricError":0.583039023577526,"refine":"REPLACE"}],"geometricError":0.583039023577526,"refine":"REPLACE"}],"geometricError":0.583039023577526,"refine":"REPLACE"}],"geometricError":0.583039023577526,"refine":"REPLACE"}],"geometricError":0.583039023577526,"refine":"REPLACE"}],"geometricError":0.583039023577526,"refine":"REPLACE"}],"geometricError":0.583039023577526,"refine":"REPLACE"}],"geometricError":573984.128236995,"refine":"REPLACE","transform":[-0.939041082172133,-0.343804953415435,0.0,0.0,0.10951822997188,-0.299129248048099,0.947906878478053,0.0,-0.325895080197317,0.890123500964439,0.318547562750046,0.0,-2070855.99427746,5656168.80900253,2010616.64891437,1.0]}}
